0,0,-1.1044131517410278
0,1,0.13707716763019562
0,2,0.4408630132675171
0,3,0.4625723361968994
0,4,0.0386805534362793
0,5,0.17903149127960205
0,6,-0.04359722137451172
0,7,-0.14025413990020752
0,8,-0.215268075466156
0,9,-0.01689302921295166
0,10,-0.15091383457183838
0,11,-0.008889555931091309
0,12,-0.10394525527954102
0,13,-0.08346676826477051
0,14,-0.02106034755706787
0,15,0.006334662437438965
0,16,-0.10748660564422607
0,17,-0.09984248876571655
0,18,-0.092795729637146
0,19,-0.04333508014678955
0,20,-0.20527338981628418
0,21,-0.014448285102844238
0,22,-0.258465051651001
0,23,0.02319931983947754
0,24,-0.03268778324127197
0,25,-0.16692650318145752
0,26,-0.005984023213386536
0,27,-0.22779369354248047
0,28,-0.14861643314361572
0,29,-0.08261340856552124
0,30,-0.020598649978637695
0,31,-0.007186233997344971
0,32,-0.16286730766296387
0,33,-0.05597114562988281
0,34,-0.07387953996658325
0,35,0.04544377326965332
0,36,-0.21527886390686035
0,37,0.09022092819213867
0,38,1.0187619924545288
0,39,-0.08534511923789978
0,40,-0.1882643699645996
0,41,0.6219668984413147
0,42,0.01527869701385498
0,43,-0.1240992546081543
0,44,-0.26189374923706055
0,45,-0.13593173027038574
0,46,-0.05112338066101074
0,47,-0.03908422589302063
0,48,0.387894868850708
0,49,0.21986913681030273
0,50,1.054660439491272
0,51,-0.12699446082115173
0,52,0.18163275718688965
1,0,0.1370772123336792
1,1,-0.049191154539585114
1,2,0.3621778190135956
1,3,0.26360267400741577
1,4,0.08383804559707642
1,5,0.19000563025474548
1,6,0.11087128520011902
1,7,0.012055069208145142
1,8,0.021172940731048584
1,9,-0.06932598352432251
1,10,0.059381768107414246
1,11,-0.015704572200775146
1,12,-0.12878353893756866
1,13,-0.09559258818626404
1,14,-0.0553743839263916
1,15,-0.12275257706642151
1,16,-0.05545856058597565
1,17,0.03395955264568329
1,18,0.02727910876274109
1,19,-0.061782218515872955
1,20,0.1824236959218979
1,21,-0.07571044564247131
1,22,-0.04696166515350342
1,23,-0.05318272113800049
1,24,-0.12778905034065247
1,25,-0.05419526994228363
1,26,0.07771899551153183
1,27,-0.08196759223937988
1,28,0.01090472936630249
1,29,0.014566048979759216
1,30,-0.08998221158981323
1,31,-0.00027288496494293213
1,32,-0.03846079111099243
1,33,-0.01393231749534607
1,34,-0.03315705060958862
1,35,0.06397396326065063
1,36,0.05371315777301788
1,37,0.020197153091430664
1,38,-0.054574429988861084
1,39,0.039239898324012756
1,40,0.09183064103126526
1,41,0.05647189915180206
1,42,-0.15996429324150085
1,43,-0.07329662144184113
1,44,-0.0956968367099762
1,45,-0.016882285475730896
1,46,-0.08600117266178131
1,47,0.07692985236644745
1,48,-0.11093488335609436
1,49,-0.07206758856773376
1,50,-0.005235821008682251
1,51,-0.027409881353378296
1,52,-0.0177496075630188
2,0,0.4408630132675171
2,1,0.3621778190135956
2,2,-1.926234483718872
2,3,0.5935614109039307
2,4,0.24685406684875488
2,5,-0.029285907745361328
2,6,-0.048842430114746094
2,7,0.04855489730834961
2,8,-0.08881998062133789
2,9,-0.006186366081237793
2,10,-0.15090733766555786
2,11,0.21599388122558594
2,12,-0.14752447605133057
2,13,0.06220364570617676
2,14,-0.06492030620574951
2,15,-0.07615292072296143
2,16,-0.1833479404449463
2,17,-0.275415301322937
2,18,-0.05481743812561035
2,19,-0.045505523681640625
2,20,-0.2156374454498291
2,21,1.5228357315063477
2,22,0.3397566080093384
2,23,0.0612407922744751
2,24,0.43320631980895996
2,25,0.18934869766235352
2,26,-0.04774393141269684
2,27,-0.16978275775909424
2,28,-0.1391509771347046
2,29,-0.15160465240478516
2,30,-0.14956164360046387
2,31,-0.21162831783294678
2,32,-0.1832951307296753
2,33,-0.1714787483215332
2,34,-0.010456085205078125
2,35,0.008726239204406738
2,36,-0.2234187126159668
2,37,-0.29075849056243896
2,38,0.15565502643585205
2,39,-0.2163810133934021
2,40,-0.3504887819290161
2,41,-0.005432784557342529
2,42,0.10178184509277344
2,43,0.05315589904785156
2,44,-0.03321027755737305
2,45,0.11027717590332031
2,46,0.10119366645812988
2,47,-0.022739440202713013
2,48,0.008553385734558105
2,49,0.14691972732543945
2,50,0.25881361961364746
2,51,-0.08679166436195374
2,52,0.3158578872680664
3,0,0.46257221698760986
3,1,0.26360270380973816
3,2,0.593561053276062
3,3,-1.7770906686782837
3,4,0.5032972097396851
3,5,0.11977553367614746
3,6,0.26659202575683594
3,7,-0.02259063720703125
3,8,-0.16955870389938354
3,9,0.07683539390563965
3,10,-0.40867799520492554
3,11,-0.17551887035369873
3,12,-0.18713915348052979
3,13,-0.06362247467041016
3,14,-0.12630438804626465
3,15,-0.20180022716522217
3,16,-0.04688000679016113
3,17,0.13564550876617432
3,18,-0.30326831340789795
3,19,-0.14894139766693115
3,20,-0.151947021484375
3,21,0.2931656837463379
3,22,0.07834970951080322
3,23,-0.3051091432571411
3,24,0.0363004207611084
3,25,-0.23049354553222656
3,26,-0.04409974813461304
3,27,-0.1596517562866211
3,28,0.034049391746520996
3,29,-0.12872523069381714
3,30,-0.23257029056549072
3,31,-0.1309373378753662
3,32,-0.4253966808319092
3,33,-0.1409444808959961
3,34,-0.35868704319000244
3,35,0.07520425319671631
3,36,0.12390291690826416
3,37,0.7039895057678223
3,38,1.4025020599365234
3,39,-0.048405230045318604
3,40,-0.01565873622894287
3,41,1.39079749584198
3,42,0.09571504592895508
3,43,0.04739582538604736
3,44,-0.14572763442993164
3,45,0.10637152194976807
3,46,-0.01201164722442627
3,47,-0.01902031898498535
3,48,-0.10997140407562256
3,49,-0.12449896335601807
3,50,-0.15592002868652344
3,51,-0.09989386796951294
3,52,-0.13856422901153564
4,0,0.038680434226989746
4,1,0.08383801579475403
4,2,0.24685406684875488
4,3,0.5032975673675537
4,4,-1.2721138000488281
4,5,0.578119158744812
4,6,0.281762957572937
4,7,0.2947733402252197
4,8,-0.05716049671173096
4,9,0.0843057632446289
4,10,-0.34752464294433594
4,11,0.14240753650665283
4,12,0.04957294464111328
4,13,0.052425503730773926
4,14,-0.08607029914855957
4,15,-0.012097001075744629
4,16,-0.1192711591720581
4,17,-0.012004852294921875
4,18,-0.21573448181152344
4,19,0.14186739921569824
4,20,-0.16366589069366455
4,21,0.9889429807662964
4,22,0.3559378385543823
4,23,-0.06477022171020508
4,24,0.11530876159667969
4,25,-0.02147805690765381
4,26,-0.02878771722316742
4,27,-0.09795904159545898
4,28,-0.08657968044281006
4,29,-0.27154868841171265
4,30,-0.045441508293151855
4,31,0.0065773725509643555
4,32,-0.059291720390319824
4,33,-0.19375550746917725
4,34,-0.18964225053787231
4,35,-0.061768412590026855
4,36,-0.16270959377288818
4,37,-0.08509719371795654
4,38,0.09456408023834229
4,39,0.018944978713989258
4,40,-0.22495853900909424
4,41,0.0374373197555542
4,42,-0.05874156951904297
4,43,0.10875165462493896
4,44,-0.18220674991607666
4,45,0.012294411659240723
4,46,0.11967623233795166
4,47,-0.009129688143730164
4,48,-0.18011128902435303
4,49,0.04208362102508545
4,50,-0.09899961948394775
4,51,0.13210579752922058
4,52,-0.12190783023834229
5,0,0.1790313720703125
5,1,0.1900055706501007
5,2,-0.029285907745361328
5,3,0.11977553367614746
5,4,0.5781189203262329
5,5,-2.2862396240234375
5,6,0.40822482109069824
5,7,0.7635412216186523
5,8,-0.05334615707397461
5,9,-0.1139991283416748
5,10,-0.27344733476638794
5,11,-0.19027018547058105
5,12,-0.20475804805755615
5,13,0.09709954261779785
5,14,-0.24113571643829346
5,15,-0.018596410751342773
5,16,-0.11941647529602051
5,17,-0.276256799697876
5,18,3.074244737625122
5,19,-0.0188063383102417
5,20,0.06611883640289307
5,21,0.07664108276367188
5,22,0.028774499893188477
5,23,-0.08952987194061279
5,24,-0.18514156341552734
5,25,-0.07753181457519531
5,26,-0.03517475724220276
5,27,0.36719679832458496
5,28,0.002322673797607422
5,29,0.2206212282180786
5,30,0.3129398822784424
5,31,-0.22546935081481934
5,32,-0.0169219970703125
5,33,-0.12577319145202637
5,34,-0.15812528133392334
5,35,-0.16185927391052246
5,36,-0.19994819164276123
5,37,0.24681627750396729
5,38,-0.23893117904663086
5,39,-0.01323235034942627
5,40,-0.06568670272827148
5,41,-0.027570664882659912
5,42,-0.16077065467834473
5,43,-0.15459203720092773
5,44,-0.07284235954284668
5,45,-0.15949058532714844
5,46,-0.23675072193145752
5,47,-0.016179159283638
5,48,-0.1041642427444458
5,49,-0.1415541172027588
5,50,-0.16830921173095703
5,51,-0.0514550507068634
5,52,-0.01891624927520752
6,0,-0.04359722137451172
6,1,0.11087119579315186
6,2,-0.048842668533325195
6,3,0.26659202575683594
6,4,0.28176283836364746
6,5,0.4082249402999878
6,6,-1.6801738739013672
6,7,0.5424104928970337
6,8,0.1389142870903015
6,9,0.26006150245666504
6,10,-0.03185534477233887
6,11,0.1401892900466919
6,12,-0.1491020917892456
6,13,-0.03385210037231445
6,14,0.08116805553436279
6,15,-0.1254866123199463
6,16,-0.04349708557128906
6,17,-0.1993412971496582
6,18,-0.09576284885406494
6,19,0.10181283950805664
6,20,-0.05073893070220947
6,21,-0.08859241008758545
6,22,0.03281128406524658
6,23,-0.09886384010314941
6,24,0.02504861354827881
6,25,-0.09065079689025879
6,26,-0.01886676251888275
6,27,-0.1851487159729004
6,28,-0.10137057304382324
6,29,-0.04635822772979736
6,30,-0.14401006698608398
6,31,-0.0472869873046875
6,32,0.2685658931732178
6,33,-0.1853986382484436
6,34,0.04187417030334473
6,35,0.5090696811676025
6,36,0.9407747983932495
6,37,0.3970835208892822
6,38,-0.1542985439300537
6,39,-0.04586625099182129
6,40,0.02827322483062744
6,41,0.029557526111602783
6,42,-0.015965819358825684
6,43,-0.07380878925323486
6,44,-0.2541924715042114
6,45,0.05612671375274658
6,46,-0.2341470718383789
6,47,-0.035440996289253235
6,48,-0.13917958736419678
6,49,-0.11170351505279541
6,50,-0.15888428688049316
6,51,0.03297847509384155
6,52,0.03810989856719971
7,0,-0.14025413990020752
7,1,0.01205509901046753
7,2,0.04855501651763916
7,3,-0.022590279579162598
7,4,0.2947734594345093
7,5,0.7635414600372314
7,6,0.5424107313156128
7,7,-1.8490185737609863
7,8,0.19753623008728027
7,9,0.23646581172943115
7,10,-0.18877464532852173
7,11,0.5518968105316162
7,12,0.056363701820373535
7,13,0.22037076950073242
7,14,0.09378361701965332
7,15,0.41673874855041504
7,16,-0.1138603687286377
7,17,-0.2113533616065979
7,18,0.030324101448059082
7,19,-0.1030769944190979
7,20,-0.07260715961456299
7,21,0.006687283515930176
7,22,0.07263588905334473
7,23,-0.1808159351348877
7,24,0.023387432098388672
7,25,-0.1155928373336792
7,26,0.00040847063064575195
7,27,-0.13698506355285645
7,28,0.2621617317199707
7,29,0.1895596981048584
7,30,0.3769402503967285
7,31,-0.2501879334449768
7,32,1.0059272050857544
7,33,0.13826143741607666
7,34,-0.1301252841949463
7,35,-0.1074988842010498
7,36,-0.1341477632522583
7,37,-0.22510743141174316
7,38,-0.03190183639526367
7,39,-0.16187810897827148
7,40,-0.2883044481277466
7,41,-0.19192218780517578
7,42,-0.10021281242370605
7,43,-0.0022230148315429688
7,44,-0.19865059852600098
7,45,0.1082993745803833
7,46,-0.14825546741485596
7,47,-0.050961121916770935
7,48,-0.02006518840789795
7,49,-0.042467474937438965
7,50,-0.2130221128463745
7,51,-0.20239152014255524
7,52,-0.014826774597167969
8,0,-0.21526789665222168
8,1,0.021172940731048584
8,2,-0.08881980180740356
8,3,-0.16955852508544922
8,4,-0.05716043710708618
8,5,-0.05334603786468506
8,6,0.13891452550888062
8,7,0.1975364089012146
8,8,-0.5168425440788269
8,9,0.3048008680343628
8,10,0.14418232440948486
8,11,-0.05096077919006348
8,12,-0.1778268814086914
8,13,-0.1423131823539734
8,14,-0.08622753620147705
8,15,-0.22593951225280762
8,16,0.1716105341911316
8,17,0.005115389823913574
8,18,-0.0701984167098999
8,19,-0.11309763789176941
8,20,-0.039714813232421875
8,21,-0.07623273134231567
8,22,-0.02076709270477295
8,23,-0.22829335927963257
8,24,-0.01409602165222168
8,25,-0.13023674488067627
8,26,0.0786534771323204
8,27,-0.1144636869430542
8,28,-0.029713213443756104
8,29,0.3611007332801819
8,30,-0.13717132806777954
8,31,0.5123741626739502
8,32,0.1624464988708496
8,33,0.6838583946228027
8,34,-0.265629380941391
8,35,0.22838610410690308
8,36,0.5758493542671204
8,37,0.5400738716125488
8,38,-0.1283552646636963
8,39,0.0034563541412353516
8,40,0.39718520641326904
8,41,-0.12060454487800598
8,42,-0.06920057535171509
8,43,-0.030321240425109863
8,44,-0.0845993161201477
8,45,-0.14634382724761963
8,46,-0.1120525598526001
8,47,-0.042844027280807495
8,48,-0.21163076162338257
8,49,-0.05766928195953369
8,50,-0.16897523403167725
8,51,-0.08232507854700089
8,52,-0.2479131817817688
9,0,-0.01689314842224121
9,1,-0.06932605803012848
9,2,-0.0061866044998168945
9,3,0.07683539390563965
9,4,0.08430564403533936
9,5,-0.11399948596954346
9,6,0.26006150245666504
9,7,0.23646509647369385
9,8,0.30480051040649414
9,9,-1.891629934310913
9,10,0.27744805812835693
9,11,0.7102503776550293
9,12,0.1346116065979004
9,13,0.12831521034240723
9,14,0.13289928436279297
9,15,-0.054789066314697266
9,16,-0.11382007598876953
9,17,-0.02712547779083252
9,18,-0.16465210914611816
9,19,-0.2091280221939087
9,20,-0.2193925380706787
9,21,-0.1375190019607544
9,22,0.02534627914428711
9,23,-0.13706672191619873
9,24,-0.1487976312637329
9,25,-0.13963115215301514
9,26,-0.02035275101661682
9,27,-0.2537738084793091
9,28,0.03400897979736328
9,29,-0.13302278518676758
9,30,-0.06350517272949219
9,31,0.00356292724609375
9,32,1.2009557485580444
9,33,-0.10236257314682007
9,34,0.2816133499145508
9,35,1.3076266050338745
9,36,0.03020775318145752
9,37,-0.18595659732818604
9,38,-0.030637621879577637
9,39,-0.049514174461364746
9,40,-0.2638051509857178
9,41,0.09169715642929077
9,42,-0.17055988311767578
9,43,-0.0046846866607666016
9,44,-0.1375129222869873
9,45,0.014891862869262695
9,46,-0.0959324836730957
9,47,-0.008523747324943542
9,48,-0.13390874862670898
9,49,-0.03254115581512451
9,50,-0.1161947250366211
9,51,0.07611700892448425
9,52,-0.1592731475830078
10,0,-0.1509137749671936
10,1,0.05938173830509186
10,2,-0.1509072184562683
10,3,-0.4086778163909912
10,4,-0.3475244641304016
10,5,-0.2734469771385193
10,6,-0.03185534477233887
10,7,-0.18877464532852173
10,8,0.1441822648048401
10,9,0.2774481773376465
10,10,-0.6343342065811157
10,11,0.09787654876708984
10,12,0.26167213916778564
10,13,-0.28219789266586304
10,14,0.267488956451416
10,15,-0.254536509513855
10,16,-0.4284518361091614
10,17,0.09737610816955566
10,18,-0.10683882236480713
10,19,0.04246020317077637
10,20,-0.062421977519989014
10,21,-0.19327682256698608
10,22,-0.13875049352645874
10,23,-0.08335447311401367
10,24,0.02883732318878174
10,25,-0.09856057167053223
10,26,-0.052892837673425674
10,27,-0.28143149614334106
10,28,-0.2947767376899719
10,29,-0.03554034233093262
10,30,-0.18661987781524658
10,31,0.02355015277862549
10,32,0.6221308708190918
10,33,0.16943442821502686
10,34,3.611762523651123
10,35,0.13557779788970947
10,36,-0.08607089519500732
10,37,-0.06508505344390869
10,38,0.07494652271270752
10,39,-0.20138025283813477
10,40,-0.16418778896331787
10,41,-0.051063597202301025
10,42,0.08753669261932373
10,43,-0.03445875644683838
10,44,-0.12476730346679688
10,45,-0.1785709261894226
10,46,-0.03288137912750244
10,47,-0.02520858496427536
10,48,-0.09591937065124512
10,49,-0.18119102716445923
10,50,0.14790940284729004
10,51,-0.10584838688373566
10,52,-0.11685049533843994
11,0,-0.008889555931091309
11,1,-0.015704602003097534
11,2,0.21599364280700684
11,3,-0.17551898956298828
11,4,0.14240729808807373
11,5,-0.19027018547058105
11,6,0.14018940925598145
11,7,0.5518964529037476
11,8,-0.050961077213287354
11,9,0.7102503776550293
11,10,0.09787642955780029
11,11,-1.9375790357589722
11,12,1.1525204181671143
11,13,0.6624510288238525
11,14,0.3639869689941406
11,15,0.1023094654083252
11,16,-0.2922147512435913
11,17,-0.27414262294769287
11,18,-0.03547096252441406
11,19,-0.019870638847351074
11,20,-0.17155218124389648
11,21,-0.006027102470397949
11,22,0.16605210304260254
11,23,0.005655169486999512
11,24,0.012203454971313477
11,25,-0.011689066886901855
11,26,0.09625813364982605
11,27,-0.12779974937438965
11,28,0.009266853332519531
11,29,-0.1661984920501709
11,30,0.23455238342285156
11,31,-0.09557235240936279
11,32,0.3916611671447754
11,33,-0.14087170362472534
11,34,0.0482027530670166
11,35,0.1014096736907959
11,36,-0.016710758209228516
11,37,-0.27954745292663574
11,38,-0.0827183723449707
11,39,-0.10551756620407104
11,40,-0.46817004680633545
11,41,-0.09753578901290894
11,42,-0.0637747049331665
11,43,0.1107252836227417
11,44,0.030249714851379395
11,45,0.0653684139251709
11,46,-0.13009727001190186
11,47,0.008755698800086975
11,48,-0.2256249189376831
11,49,0.06767988204956055
11,50,-0.04841911792755127
11,51,-0.12956973910331726
11,52,-0.1199030876159668
12,0,-0.10394489765167236
12,1,-0.12878350913524628
12,2,-0.14752423763275146
12,3,-0.18713891506195068
12,4,0.04957318305969238
12,5,-0.2047576904296875
12,6,-0.1491016149520874
12,7,0.05636394023895264
12,8,-0.17782694101333618
12,9,0.1346120834350586
12,10,0.2616722583770752
12,11,1.1525208950042725
12,12,-1.8198643922805786
12,13,0.7790648937225342
12,14,2.2262167930603027
12,15,0.31213998794555664
12,16,0.025515437126159668
12,17,-0.19044911861419678
12,18,-0.3948941230773926
12,19,-0.12337636947631836
12,20,-0.0728985071182251
12,21,-0.031846046447753906
12,22,-0.16248393058776855
12,23,0.017022132873535156
12,24,-0.15878331661224365
12,25,-0.18781638145446777
12,26,-0.059111759066581726
12,27,-0.3355625867843628
12,28,-0.045113444328308105
12,29,-0.19156581163406372
12,30,0.2400658130645752
12,31,0.09086751937866211
12,32,0.262406587600708
12,33,0.1597912311553955
12,34,0.09383296966552734
12,35,0.22179782390594482
12,36,0.0019452571868896484
12,37,0.022868752479553223
12,38,-0.1291337013244629
12,39,0.06597191095352173
12,40,-0.09974062442779541
12,41,-0.21716749668121338
12,42,-0.22781455516815186
12,43,0.05003046989440918
12,44,-0.23792040348052979
12,45,-0.046115994453430176
12,46,0.030906081199645996
12,47,-0.0710316002368927
12,48,-0.17328429222106934
12,49,-0.09178721904754639
12,50,0.10723686218261719
12,51,-0.08006405830383301
12,52,-0.11551451683044434
13,0,-0.08346664905548096
13,1,-0.09559254348278046
13,2,0.06220388412475586
13,3,-0.0636223554611206
13,4,0.05242562294006348
13,5,0.09710001945495605
13,6,-0.03385186195373535
13,7,0.22037076950073242
13,8,-0.14231330156326294
13,9,0.12831544876098633
13,10,-0.2821979522705078
13,11,0.6624512672424316
13,12,0.7790646553039551
13,13,-2.3166286945343018
13,14,0.9033653736114502
13,15,0.658367395401001
13,16,-0.13537704944610596
13,17,-0.06675314903259277
13,18,-0.43563854694366455
13,19,-0.2075040340423584
13,20,-0.1876847743988037
13,21,-0.025078535079956055
13,22,0.0140303373336792
13,23,-0.26000213623046875
13,24,-0.13622844219207764
13,25,0.13464605808258057
13,26,-0.005190461874008179
13,27,-0.09551334381103516
13,28,0.3239560127258301
13,29,-0.291594922542572
13,30,1.942641258239746
13,31,-0.15646159648895264
13,32,0.7169878482818604
13,33,-0.00317227840423584
13,34,-0.2653762102127075
13,35,0.19242191314697266
13,36,-0.22890961170196533
13,37,-0.2705610990524292
13,38,-0.2940196990966797
13,39,-0.08030432462692261
13,40,-0.10637736320495605
13,41,0.02554190158843994
13,42,-0.05655074119567871
13,43,0.06372702121734619
13,44,-0.08815598487854004
13,45,-0.02142333984375
13,46,-0.1573425531387329
13,47,-0.0036798715591430664
13,48,-0.18943047523498535
13,49,0.02887904644012451
13,50,-0.1509253978729248
13,51,-0.06243163347244263
13,52,-0.00712895393371582
14,0,-0.021060585975646973
14,1,-0.05537441372871399
14,2,-0.06492018699645996
14,3,-0.1263042688369751
14,4,-0.08607006072998047
14,5,-0.2411355972290039
14,6,0.08116805553436279
14,7,0.09378337860107422
14,8,-0.0862276554107666
14,9,0.13289928436279297
14,10,0.26748859882354736
14,11,0.3639872074127197
14,12,2.2262163162231445
14,13,0.9033656120300293
14,14,-2.1688170433044434
14,15,0.5838522911071777
14,16,0.2982771396636963
14,17,-0.15271341800689697
14,18,-0.17031121253967285
14,19,-0.1893748641014099
14,20,0.03796052932739258
14,21,-0.18700909614562988
14,22,-0.11202538013458252
14,23,-0.12937891483306885
14,24,-0.0998920202255249
14,25,-0.039997220039367676
14,26,-0.03636611998081207
14,27,-0.15747547149658203
14,28,0.0043828487396240234
14,29,-0.15311431884765625
14,30,0.7891845703125
14,31,-0.05194973945617676
14,32,0.6680154800415039
14,33,0.40182697772979736
14,34,-0.3096773624420166
14,35,0.16623961925506592
14,36,-0.21886789798736572
14,37,-0.38567328453063965
14,38,-0.22277390956878662
14,39,-0.11409884691238403
14,40,-0.41732847690582275
14,41,-0.039244771003723145
14,42,0.08403944969177246
14,43,-0.031028270721435547
14,44,-0.28831350803375244
14,45,0.05127453804016113
14,46,-0.015432596206665039
14,47,-0.03830191493034363
14,48,-0.20431303977966309
14,49,-0.13833332061767578
14,50,-0.15340232849121094
14,51,-0.11252942681312561
14,52,-0.13512206077575684
15,0,0.006334781646728516
15,1,-0.12275257706642151
15,2,-0.07615280151367188
15,3,-0.20180034637451172
15,4,-0.012097001075744629
15,5,-0.018596410751342773
15,6,-0.12548649311065674
15,7,0.41673851013183594
15,8,-0.2259398102760315
15,9,-0.054789066314697266
15,10,-0.254536509513855
15,11,0.1023099422454834
15,12,0.3121398687362671
15,13,0.6583671569824219
15,14,0.5838525295257568
15,15,-2.17867374420166
15,16,0.23734891414642334
15,17,0.319881796836853
15,18,-0.04850494861602783
15,19,-0.10101747512817383
15,20,-0.014522314071655273
15,21,-0.3270479440689087
15,22,-0.007741093635559082
15,23,0.15096545219421387
15,24,-0.06442117691040039
15,25,0.008909940719604492
15,26,-0.00022117793560028076
15,27,0.2176649570465088
15,28,1.5934154987335205
15,29,-0.12450385093688965
15,30,1.4150543212890625
15,31,-0.15384137630462646
15,32,-0.04639482498168945
15,33,-0.2539936304092407
15,34,-0.04293859004974365
15,35,-0.23445963859558105
15,36,-0.20981013774871826
15,37,-0.23737668991088867
15,38,-0.2154451608657837
15,39,-0.1280531883239746
15,40,-0.36865854263305664
15,41,-0.2539639472961426
15,42,-0.06260490417480469
15,43,-0.025727033615112305
15,44,-0.04279172420501709
15,45,0.16017913818359375
15,46,-0.06249547004699707
15,47,-0.04859985411167145
15,48,0.1250138282775879
15,49,-0.007834196090698242
15,50,0.09345889091491699
15,51,-0.12806734442710876
15,52,0.08022749423980713
16,0,-0.10748648643493652
16,1,-0.05545854568481445
16,2,-0.1833479404449463
16,3,-0.04687976837158203
16,4,-0.1192711591720581
16,5,-0.11941659450531006
16,6,-0.04349696636199951
16,7,-0.1138606071472168
16,8,0.17161041498184204
16,9,-0.11381983757019043
16,10,-0.42845189571380615
16,11,-0.2922147512435913
16,12,0.025515317916870117
16,13,-0.1353771686553955
16,14,0.2982771396636963
16,15,0.23734891414642334
16,16,-1.5871000289916992
16,17,-0.07190966606140137
16,18,0.03923773765563965
16,19,-0.09204518795013428
16,20,0.06302320957183838
16,21,-0.2470407485961914
16,22,-0.2197972536087036
16,23,-0.13215982913970947
16,24,0.09673118591308594
16,25,-0.24900436401367188
16,26,-0.053738489747047424
16,27,-0.20490360260009766
16,28,-0.012048006057739258
16,29,0.6411778926849365
16,30,-0.16516244411468506
16,31,0.21651935577392578
16,32,-0.2028028964996338
16,33,0.21992921829223633
16,34,-0.3747953772544861
16,35,-0.08712553977966309
16,36,0.1722264289855957
16,37,-0.04764902591705322
16,38,-0.07133150100708008
16,39,0.18060100078582764
16,40,2.089827537536621
16,41,0.07282876968383789
16,42,1.9462363719940186
16,43,-0.044956207275390625
16,44,-0.16817080974578857
16,45,-0.09639322757720947
16,46,0.14594244956970215
16,47,-0.04231719672679901
16,48,-0.24621081352233887
16,49,-0.09614956378936768
16,50,-0.10428988933563232
16,51,0.07035481929779053
16,52,-0.31119728088378906
17,0,-0.09984242916107178
17,1,0.03395955264568329
17,2,-0.2754153609275818
17,3,0.13564550876617432
17,4,-0.01200491189956665
17,5,-0.276256799697876
17,6,-0.19934111833572388
17,7,-0.21135342121124268
17,8,0.0051152706146240234
17,9,-0.02712547779083252
17,10,0.09737610816955566
17,11,-0.27414238452911377
17,12,-0.190449059009552
17,13,-0.06675326824188232
17,14,-0.15271341800689697
17,15,0.3198816776275635
17,16,-0.07190966606140137
17,17,-0.761752724647522
17,18,0.11399424076080322
17,19,0.18403220176696777
17,20,-0.0295143723487854
17,21,-0.22157716751098633
17,22,-0.09104716777801514
17,23,0.19330787658691406
17,24,0.22591304779052734
17,25,-0.1476348638534546
17,26,0.09389205276966095
17,27,-0.05352938175201416
17,28,0.419464111328125
17,29,-0.09579205513000488
17,30,-0.3567386865615845
17,31,0.049881041049957275
17,32,-0.09969842433929443
17,33,-0.08778941631317139
17,34,0.25752943754196167
17,35,-0.18090933561325073
17,36,-0.03760182857513428
17,37,0.1291760802268982
17,38,-0.09216368198394775
17,39,0.1713646650314331
17,40,0.06887435913085938
17,41,-0.019122153520584106
17,42,-0.10484874248504639
17,43,-0.030722498893737793
17,44,1.430768609046936
17,45,-0.03677791357040405
17,46,0.15050971508026123
17,47,-0.011499136686325073
17,48,0.06058180332183838
17,49,-0.06271946430206299
17,50,0.2525367736816406
17,51,-0.10718435049057007
17,52,0.09212982654571533
18,0,-0.09279584884643555
18,1,0.027279138565063477
18,2,-0.0548175573348999
18,3,-0.30326831340789795
18,4,-0.21573448181152344
18,5,3.074244499206543
18,6,-0.09576272964477539
18,7,0.03032386302947998
18,8,-0.070198655128479
18,9,-0.16465187072753906
18,10,-0.10683882236480713
18,11,-0.03547084331512451
18,12,-0.3948943614959717
18,13,-0.4356386661529541
18,14,-0.17031121253967285
18,15,-0.04850482940673828
18,16,0.0392376184463501
18,17,0.11399424076080322
18,18,-1.595018982887268
18,19,0.1427522897720337
18,20,0.7459077835083008
18,21,0.0013804435729980469
18,22,-0.08955657482147217
18,23,0.01683986186981201
18,24,-0.008309245109558105
18,25,-0.0841602087020874
18,26,0.11574319005012512
18,27,1.4339640140533447
18,28,-0.24898624420166016
18,29,0.264288067817688
18,30,-0.29485416412353516
18,31,-0.16635406017303467
18,32,-0.1939488649368286
18,33,-0.17680150270462036
18,34,-0.21654152870178223
18,35,-0.1231456995010376
18,36,0.26354825496673584
18,37,0.2041081190109253
18,38,-0.0769948959350586
18,39,-0.015076696872711182
18,40,0.20702922344207764
18,41,0.167006254196167
18,42,-0.1191105842590332
18,43,-0.030469298362731934
18,44,-0.2582899332046509
18,45,-0.13775980472564697
18,46,-0.03374373912811279
18,47,-0.05995422601699829
18,48,-0.20741474628448486
18,49,-0.18561255931854248
18,50,-0.0213010311126709
18,51,-0.04580596089363098
18,52,-0.269550085067749
19,0,-0.043334901332855225
19,1,-0.06178220361471176
19,2,-0.045505523681640625
19,3,-0.14894115924835205
19,4,0.14186745882034302
19,5,-0.0188063383102417
19,6,0.10181295871734619
19,7,-0.1030769944190979
19,8,-0.11309769749641418
19,9,-0.20912796258926392
19,10,0.04246026277542114
19,11,-0.019870400428771973
19,12,-0.12337636947631836
19,13,-0.2075040340423584
19,14,-0.18937468528747559
19,15,-0.10101723670959473
19,16,-0.09204506874084473
19,17,0.18403232097625732
19,18,0.14275234937667847
19,19,-0.5987664461135864
19,20,0.16733896732330322
19,21,0.356911301612854
19,22,0.021288037300109863
19,23,-0.00850832462310791
19,24,0.7234643697738647
19,25,-0.19132012128829956
19,26,0.0272444486618042
19,27,-0.04594743251800537
19,28,-0.010316967964172363
19,29,0.2963792085647583
19,30,-0.16675806045532227
19,31,0.10679268836975098
19,32,-0.17575645446777344
19,33,-0.1199178695678711
19,34,0.03833901882171631
19,35,0.1530090570449829
19,36,-0.1985202431678772
19,37,0.4245983958244324
19,38,0.2521240711212158
19,39,-0.1102496087551117
19,40,-0.04705697298049927
19,41,-0.11816513538360596
19,42,-0.11321437358856201
19,43,0.0051032304763793945
19,44,0.008501768112182617
19,45,-0.1558983325958252
19,46,-0.03925806283950806
19,47,0.02969176322221756
19,48,0.021186113357543945
19,49,-0.12163102626800537
19,50,-0.11398839950561523
19,51,0.24128012359142303
19,52,0.32595962285995483
20,0,-0.20527327060699463
20,1,0.1824236959218979
20,2,-0.21563732624053955
20,3,-0.15194690227508545
20,4,-0.16366583108901978
20,5,0.06611895561218262
20,6,-0.05073881149291992
20,7,-0.07260739803314209
20,8,-0.03971487283706665
20,9,-0.21939241886138916
20,10,-0.06242203712463379
20,11,-0.17155206203460693
20,12,-0.07289862632751465
20,13,-0.1876847743988037
20,14,0.03796052932739258
20,15,-0.014522433280944824
20,16,0.06302332878112793
20,17,-0.029514312744140625
20,18,0.7459079027175903
20,19,0.16733884811401367
20,20,-0.9323379993438721
20,21,0.3305150270462036
20,22,0.6970757246017456
20,23,0.8527263402938843
20,24,0.2784576416015625
20,25,0.12803566455841064
20,26,-0.015623986721038818
20,27,2.0509190559387207
20,28,0.0658196210861206
20,29,-0.16568660736083984
20,30,-0.07290542125701904
20,31,-0.1769622564315796
20,32,-0.10588419437408447
20,33,0.00875246524810791
20,34,0.034587562084198
20,35,-0.2692885398864746
20,36,-0.18301665782928467
20,37,-0.06378680467605591
20,38,-0.2608356475830078
20,39,-0.03485259413719177
20,40,-0.3175392150878906
20,41,-0.17295411229133606
20,42,-0.1795341968536377
20,43,-0.08940130472183228
20,44,-0.1218191385269165
20,45,-0.12114691734313965
20,46,-0.06774675846099854
20,47,0.008606985211372375
20,48,-0.2537041902542114
20,49,-0.011094808578491211
20,50,-0.1336956024169922
20,51,-0.08648589253425598
20,52,-0.22439098358154297
21,0,-0.014448404312133789
21,1,-0.07571044564247131
21,2,1.522835612297058
21,3,0.293165922164917
21,4,0.9889428615570068
21,5,0.07664084434509277
21,6,-0.08859241008758545
21,7,0.006687045097351074
21,8,-0.07623291015625
21,9,-0.13751912117004395
21,10,-0.1932770013809204
21,11,-0.0060269832611083984
21,12,-0.03184652328491211
21,13,-0.025078773498535156
21,14,-0.18700933456420898
21,15,-0.32704806327819824
21,16,-0.2470407485961914
21,17,-0.2215772271156311
21,18,0.0013802051544189453
21,19,0.35691094398498535
21,20,0.33051466941833496
21,21,-1.858758568763733
21,22,1.0488111972808838
21,23,0.30155670642852783
21,24,0.40456926822662354
21,25,0.15253043174743652
21,26,-0.04818697273731232
21,27,0.12297606468200684
21,28,-0.045229434967041016
21,29,-0.16499251127243042
21,30,-0.19632792472839355
21,31,-0.15845012664794922
21,32,-0.20102918148040771
21,33,-0.23903000354766846
21,34,-0.048810720443725586
21,35,-0.2139875888824463
21,36,-0.16419672966003418
21,37,-0.23650026321411133
21,38,-0.023816943168640137
21,39,0.11308938264846802
21,40,-0.35280895233154297
21,41,-0.07324498891830444
21,42,-0.016069531440734863
21,43,-0.09100914001464844
21,44,0.10168123245239258
21,45,-0.2051393985748291
21,46,0.09141719341278076
21,47,0.008381068706512451
21,48,-0.01984858512878418
21,49,0.12261450290679932
21,50,-0.05652797222137451
21,51,0.01877710223197937
21,52,-0.018111824989318848
22,0,-0.2584651708602905
22,1,-0.046961694955825806
22,2,0.3397562503814697
22,3,0.07834970951080322
22,4,0.3559377193450928
22,5,0.028774499893188477
22,6,0.03281128406524658
22,7,0.07263553142547607
22,8,-0.020767390727996826
22,9,0.02534627914428711
22,10,-0.13875073194503784
22,11,0.16605210304260254
22,12,-0.1624842882156372
22,13,0.014029979705810547
22,14,-0.11202561855316162
22,15,-0.007741212844848633
22,16,-0.21979749202728271
22,17,-0.09104716777801514
22,18,-0.08955657482147217
22,19,0.021288037300109863
22,20,0.697075605392456
22,21,1.048811435699463
22,22,-1.6904726028442383
22,23,0.6137529611587524
22,24,0.3534064292907715
22,25,0.32912731170654297
22,26,-0.0030442923307418823
22,27,0.09042084217071533
22,28,-0.017178893089294434
22,29,0.05264723300933838
22,30,-0.07474315166473389
22,31,-0.20113825798034668
22,32,-0.11686158180236816
22,33,-0.0689731240272522
22,34,-0.03356456756591797
22,35,-0.02661430835723877
22,36,-0.2605229616165161
22,37,-0.30940091609954834
22,38,0.0335468053817749
22,39,-0.10370853543281555
22,40,-0.15233361721038818
22,41,-0.20453953742980957
22,42,-0.016496777534484863
22,43,-0.15041470527648926
22,44,0.05944859981536865
22,45,0.22893309593200684
22,46,-0.01126563549041748
22,47,-0.029531851410865784
22,48,0.10484623908996582
22,49,0.0758734941482544
22,50,-0.09862065315246582
22,51,-0.12385934591293335
22,52,0.01800990104675293
23,0,0.02319943904876709
23,1,-0.05318272113800049
23,2,0.0612407922744751
23,3,-0.30510926246643066
23,4,-0.06477022171020508
23,5,-0.08952939510345459
23,6,-0.09886384010314941
23,7,-0.1808161735534668
23,8,-0.22829347848892212
23,9,-0.13706648349761963
23,10,-0.08335459232330322
23,11,0.0056552886962890625
23,12,0.017021775245666504
23,13,-0.26000237464904785
23,14,-0.12937891483306885
23,15,0.15096545219421387
23,16,-0.13215982913970947
23,17,0.19330787658691406
23,18,0.016839981079101562
23,19,-0.008508443832397461
23,20,0.8527263402938843
23,21,0.30155694484710693
23,22,0.613753080368042
23,23,-1.8455700874328613
23,24,0.17782998085021973
23,25,1.285067081451416
23,26,-0.022463470697402954
23,27,2.3171043395996094
23,28,0.056212663650512695
23,29,-0.16433143615722656
23,30,0.12883615493774414
23,31,-0.22664904594421387
23,32,-0.24959301948547363
23,33,-0.19722670316696167
23,34,0.020416259765625
23,35,-0.12554693222045898
23,36,-0.10695052146911621
23,37,-0.3661097288131714
23,38,-0.20073449611663818
23,39,-0.1746964156627655
23,40,-0.3160102367401123
23,41,-0.11704552173614502
23,42,-0.19740080833435059
23,43,-0.032311320304870605
23,44,0.2514975070953369
23,45,0.0031903982162475586
23,46,-0.008715391159057617
23,47,-0.01875065267086029
23,48,0.07773423194885254
23,49,-0.06272780895233154
23,50,-0.19503331184387207
23,51,-0.1399800330400467
23,52,-0.015271306037902832
24,0,-0.03268766403198242
24,1,-0.12778903543949127
24,2,0.43320631980895996
24,3,0.0363004207611084
24,4,0.11530888080596924
24,5,-0.1851414442062378
24,6,0.02504897117614746
24,7,0.02338731288909912
24,8,-0.014096319675445557
24,9,-0.1487971544265747
24,10,0.02883732318878174
24,11,0.012203574180603027
24,12,-0.15878355503082275
24,13,-0.1362287998199463
24,14,-0.0998920202255249
24,15,-0.06442117691040039
24,16,0.09673106670379639
24,17,0.22591304779052734
24,18,-0.008309364318847656
24,19,0.7234643697738647
24,20,0.2784576416015625
24,21,0.4045693874359131
24,22,0.35340654850006104
24,23,0.17783010005950928
24,24,-1.7071099281311035
24,25,0.6692819595336914
24,26,0.04426707327365875
24,27,0.11627578735351562
24,28,-0.03145480155944824
24,29,0.085105299949646
24,30,-0.20733189582824707
24,31,-0.20931470394134521
24,32,-0.13726341724395752
24,33,-0.18249177932739258
24,34,-0.1169973611831665
24,35,-0.15122199058532715
24,36,-0.2945266366004944
24,37,-0.2665266990661621
24,38,-0.0602869987487793
24,39,-0.07056856155395508
24,40,-0.2760547399520874
24,41,0.0735827088356018
24,42,-0.08430850505828857
24,43,0.06680715084075928
24,44,-0.22420167922973633
24,45,0.15740752220153809
24,46,0.06560695171356201
24,47,-0.037395671010017395
24,48,0.07654905319213867
24,49,0.04132497310638428
24,50,0.15943539142608643
24,51,-0.15973703563213348
24,52,0.7026376724243164
25,0,-0.16692626476287842
25,1,-0.054195255041122437
25,2,0.18934881687164307
25,3,-0.23049306869506836
25,4,-0.02147805690765381
25,5,-0.07753169536590576
25,6,-0.09065043926239014
25,7,-0.11559295654296875
25,8,-0.13023686408996582
25,9,-0.13963067531585693
25,10,-0.09856069087982178
25,11,-0.011688828468322754
25,12,-0.18781638145446777
25,13,0.13464605808258057
25,14,-0.03999686241149902
25,15,0.008910179138183594
25,16,-0.24900448322296143
25,17,-0.14763474464416504
25,18,-0.08416008949279785
25,19,-0.19132012128829956
25,20,0.12803566455841064
25,21,0.15253078937530518
25,22,0.32912755012512207
25,23,1.2850672006607056
25,24,0.6692821979522705
25,25,-1.7093162536621094
25,26,-0.0069122761487960815
25,27,0.8417142629623413
25,28,0.13808774948120117
25,29,-0.2056559920310974
25,30,0.13011789321899414
25,31,-0.1939215064048767
25,32,-0.11871182918548584
25,33,-0.04603397846221924
25,34,0.05008721351623535
25,35,-0.036350369453430176
25,36,-0.15707635879516602
25,37,-0.281400203704834
25,38,-0.05382335186004639
25,39,-0.07164636254310608
25,40,-0.3627203702926636
25,41,-0.23323768377304077
25,42,-0.16863083839416504
25,43,-0.011172175407409668
25,44,0.8306494951248169
25,45,0.17190217971801758
25,46,-0.2616147994995117
25,47,-0.019479915499687195
25,48,0.758824348449707
25,49,0.024424076080322266
25,50,0.08309948444366455
25,51,-0.09695512056350708
25,52,0.14572608470916748
26,0,-0.005984008312225342
26,1,0.07771901786327362
26,2,-0.04774387180805206
26,3,-0.04409973323345184
26,4,-0.028787687420845032
26,5,-0.035174742341041565
26,6,-0.018866732716560364
26,7,0.00040847063064575195
26,8,0.07865346968173981
26,9,-0.020352736115455627
26,10,-0.05289284139871597
26,11,0.09625819325447083
26,12,-0.05911174416542053
26,13,-0.0051904767751693726
26,14,-0.036366090178489685
26,15,-0.0002211928367614746
26,16,-0.05373845994472504
26,17,0.09389206767082214
26,18,0.1157432347536087
26,19,0.027244463562965393
26,20,-0.015623986721038818
26,21,-0.04818694293498993
26,22,-0.0030442625284194946
26,23,-0.022463440895080566
26,24,0.044267088174819946
26,25,-0.0069122314453125
26,26,-0.019647175446152687
26,27,-0.016769975423812866
26,28,0.012095600366592407
26,29,-0.02620096504688263
26,30,-0.06149864196777344
26,31,-0.051687248051166534
26,32,-0.07100522518157959
26,33,0.018770970404148102
26,34,-0.08535726368427277
26,35,-0.04016825556755066
26,36,0.017752662301063538
26,37,0.03218451142311096
26,38,-0.05736592411994934
26,39,0.018458198755979538
26,40,0.011095613241195679
26,41,0.061984531581401825
26,42,-0.011201366782188416
26,43,0.08637705445289612
26,44,-0.025605931878089905
26,45,0.0013129115104675293
26,46,-0.0033668577671051025
26,47,0.08965806663036346
26,48,-0.030835017561912537
26,49,-0.01223495602607727
26,50,-0.009217619895935059
26,51,0.14094817638397217
26,52,0.002100244164466858
27,0,-0.22779381275177002
27,1,-0.08196763694286346
27,2,-0.16978299617767334
27,3,-0.15965187549591064
27,4,-0.09795916080474854
27,5,0.36719679832458496
27,6,-0.1851487159729004
27,7,-0.13698554039001465
27,8,-0.11446386575698853
27,9,-0.2537738084793091
27,10,-0.2814316749572754
27,11,-0.1277996301651001
27,12,-0.3355628252029419
27,13,-0.09551358222961426
27,14,-0.15747570991516113
27,15,0.2176649570465088
27,16,-0.2049039602279663
27,17,-0.05352950096130371
27,18,1.4339637756347656
27,19,-0.04594755172729492
27,20,2.0509185791015625
27,21,0.12297606468200684
27,22,0.09042119979858398
27,23,2.3171041011810303
27,24,0.11627566814422607
27,25,0.8417140245437622
27,26,-0.01677003502845764
27,27,-2.1906001567840576
27,28,0.6845064163208008
27,29,-0.2953897714614868
27,30,0.7056162357330322
27,31,-0.3366183042526245
27,32,-0.289913535118103
27,33,-0.21359992027282715
27,34,-0.12128674983978271
27,35,-0.24669146537780762
27,36,-0.341638445854187
27,37,-0.3820335865020752
27,38,-0.21728146076202393
27,39,-0.1905125081539154
27,40,-0.3145993947982788
27,41,-0.05951887369155884
27,42,-0.2420976161956787
27,43,-0.1557774543762207
27,44,0.1067584753036499
27,45,0.0447230339050293
27,46,-0.09269630908966064
27,47,-0.06988580524921417
27,48,0.033830881118774414
27,49,-0.180306077003479
27,50,-0.13689184188842773
27,51,-0.09178835153579712
27,52,-0.21808099746704102
28,0,-0.14861643314361572
28,1,0.010904669761657715
28,2,-0.1391509771347046
28,3,0.034049391746520996
28,4,-0.08657979965209961
28,5,0.002322673797607422
28,6,-0.10137057304382324
28,7,0.2621614933013916
28,8,-0.029713451862335205
28,9,0.03400909900665283
28,10,-0.29477691650390625
28,11,0.009266853332519531
28,12,-0.04511380195617676
28,13,0.3239555358886719
28,14,0.0043828487396240234
28,15,1.5934154987335205
28,16,-0.01204824447631836
28,17,0.419464111328125
28,18,-0.2489863634109497
28,19,-0.010317087173461914
28,20,0.0658196210861206
28,21,-0.045229315757751465
28,22,-0.01717853546142578
28,23,0.056212544441223145
28,24,-0.03145492076873779
28,25,0.13808727264404297
28,26,0.012095555663108826
28,27,0.6845059394836426
28,28,-1.9884275197982788
28,29,0.08200287818908691
28,30,0.8700025081634521
28,31,-0.019794225692749023
28,32,-0.11727523803710938
28,33,0.014409184455871582
28,34,-0.17759954929351807
28,35,-0.22560226917266846
28,36,-0.14040184020996094
28,37,-0.2478116750717163
28,38,-0.17474234104156494
28,39,-0.13087144494056702
28,40,-0.16886579990386963
28,41,-0.11462557315826416
28,42,-0.1418437957763672
28,43,-0.06590926647186279
28,44,0.30539393424987793
28,45,-0.1489415168762207
28,46,-0.06962823867797852
28,47,-0.04106013476848602
28,48,0.0933983325958252
28,49,0.11539924144744873
28,50,0.17724275588989258
28,51,-0.10534581542015076
28,52,-0.019217371940612793
29,0,-0.08261334896087646
29,1,0.014566078782081604
29,2,-0.15160465240478516
29,3,-0.12872517108917236
29,4,-0.27154868841171265
29,5,0.22062146663665771
29,6,-0.04635810852050781
29,7,0.18955957889556885
29,8,0.3611006736755371
29,9,-0.13302278518676758
29,10,-0.03554034233093262
29,11,-0.16619843244552612
29,12,-0.19156599044799805
29,13,-0.29159486293792725
29,14,-0.15311431884765625
29,15,-0.12450385093688965
29,16,0.6411780118942261
29,17,-0.09579205513000488
29,18,0.264288067817688
29,19,0.29637908935546875
29,20,-0.16568660736083984
29,21,-0.16499227285385132
29,22,0.05264747142791748
29,23,-0.16433143615722656
29,24,0.08510518074035645
29,25,-0.2056560516357422
29,26,-0.02620096504688263
29,27,-0.29538971185684204
29,28,0.08200299739837646
29,29,-0.6954647898674011
29,30,-0.00806283950805664
29,31,0.4055907130241394
29,32,0.08831346035003662
29,33,0.24011766910552979
29,34,-0.21402573585510254
29,35,0.04566538333892822
29,36,0.4830353260040283
29,37,0.6765485405921936
29,38,-0.008742213249206543
29,39,0.16109037399291992
29,40,0.520409107208252
29,41,0.2169705033302307
29,42,0.1924659013748169
29,43,-0.20778536796569824
29,44,-0.3244863748550415
29,45,-0.1579180359840393
29,46,-0.14895302057266235
29,47,-0.04017902910709381
29,48,-0.23253285884857178
29,49,-0.15863704681396484
29,50,-0.16113793849945068
29,51,0.22784291207790375
29,52,-0.21313124895095825
30,0,-0.020598292350769043
30,1,-0.08998215198516846
30,2,-0.14956140518188477
30,3,-0.23256981372833252
30,4,-0.045441627502441406
30,5,0.3129403591156006
30,6,-0.14400970935821533
30,7,0.3769402503967285
30,8,-0.13717132806777954
30,9,-0.06350493431091309
30,10,-0.18661987781524658
30,11,0.23455286026000977
30,12,0.2400655746459961
30,13,1.942640781402588
30,14,0.7891850471496582
30,15,1.4150545597076416
30,16,-0.16516220569610596
30,17,-0.356738805770874
30,18,-0.29485416412353516
30,19,-0.16675817966461182
30,20,-0.07290530204772949
30,21,-0.19632744789123535
30,22,-0.07474279403686523
30,23,0.12883687019348145
30,24,-0.20733177661895752
30,25,0.13011765480041504
30,26,-0.06149864196777344
30,27,0.7056169509887695
30,28,0.8700025081634521
30,29,-0.008062601089477539
30,30,-2.4895143508911133
30,31,-0.022335410118103027
30,32,0.528221607208252
30,33,0.16441166400909424
30,34,-0.12937211990356445
30,35,-0.15097153186798096
30,36,-0.26638948917388916
30,37,-0.2494441270828247
30,38,-0.2543790340423584
30,39,-0.21619167923927307
30,40,-0.07736289501190186
30,41,-0.21888196468353271
30,42,-0.3476330041885376
30,43,-0.2320566177368164
30,44,-0.0260772705078125
30,45,0.009084939956665039
30,46,-0.1890404224395752
30,47,-0.07847045361995697
30,48,-0.06962203979492188
30,49,-0.0908808708190918
30,50,0.08896160125732422
30,51,-0.01705700159072876
30,52,-0.13710296154022217
31,0,-0.007186174392700195
31,1,-0.00027288496494293213
31,2,-0.21162831783294678
31,3,-0.13093721866607666
31,4,0.0065773725509643555
31,5,-0.2254694700241089
31,6,-0.0472867488861084
31,7,-0.25018805265426636
31,8,0.5123739838600159
31,9,0.00356292724609375
31,10,0.02355015277862549
31,11,-0.09557223320007324
31,12,0.09086740016937256
31,13,-0.15646159648895264
31,14,-0.05194973945617676
31,15,-0.15384125709533691
31,16,0.21651935577392578
31,17,0.049881041049957275
31,18,-0.16635406017303467
31,19,0.10679256916046143
31,20,-0.1769622564315796
31,21,-0.15845012664794922
31,22,-0.2011381983757019
31,23,-0.22664904594421387
31,24,-0.20931464433670044
31,25,-0.19392168521881104
31,26,-0.05168726295232773
31,27,-0.3366180658340454
31,28,-0.019794106483459473
31,29,0.4055907130241394
31,30,-0.022335529327392578
31,31,-0.8096715807914734
31,32,0.09884786605834961
31,33,0.9777736067771912
31,34,0.14540761709213257
31,35,0.08822572231292725
31,36,0.9223394989967346
31,37,0.49193108081817627
31,38,0.011179327964782715
31,39,0.3047521114349365
31,40,0.6756466627120972
31,41,-0.014421582221984863
31,42,-0.21626973152160645
31,43,-0.10661464929580688
31,44,-0.23390138149261475
31,45,-0.14873439073562622
31,46,0.0473780632019043
31,47,-0.0019685178995132446
31,48,-0.22785401344299316
31,49,-0.026038289070129395
31,50,-0.12484979629516602
31,51,-0.027036309242248535
31,52,-0.14781683683395386
32,0,-0.16286706924438477
32,1,-0.038460731506347656
32,2,-0.1832948923110962
32,3,-0.4253964424133301
32,4,-0.05929160118103027
32,5,-0.016921520233154297
32,6,0.2685661315917969
32,7,1.0059274435043335
32,8,0.16244637966156006
32,9,1.200955867767334
32,10,0.6221309900283813
32,11,0.3916614055633545
32,12,0.262406587600708
32,13,0.7169878482818604
32,14,0.668015718460083
32,15,-0.04639434814453125
32,16,-0.2028028964996338
32,17,-0.09969830513000488
32,18,-0.19394874572753906
32,19,-0.17575639486312866
32,20,-0.10588419437408447
32,21,-0.2010287046432495
32,22,-0.11686146259307861
32,23,-0.24959301948547363
32,24,-0.13726329803466797
32,25,-0.11871182918548584
32,26,-0.07100522518157959
32,27,-0.2899132966995239
32,28,-0.11727499961853027
32,29,0.08831369876861572
32,30,0.528221607208252
32,31,0.09884786605834961
32,32,-1.944858431816101
32,33,0.03335094451904297
32,34,0.7627971172332764
32,35,0.39107799530029297
32,36,0.07889235019683838
32,37,0.05661892890930176
32,38,-0.20585882663726807
32,39,-0.20037418603897095
32,40,-0.17620432376861572
32,41,0.005347073078155518
32,42,-0.25767481327056885
32,43,-0.20018041133880615
32,44,-0.1685783863067627
32,45,-0.10959827899932861
32,46,-0.15972232818603516
32,47,-0.0715523511171341
32,48,-0.3176569938659668
32,49,-0.06688344478607178
32,50,-0.20882928371429443
32,51,0.08357903361320496
32,52,-0.32580244541168213
33,0,-0.05597120523452759
33,1,-0.01393231749534607
33,2,-0.17147880792617798
33,3,-0.140944242477417
33,4,-0.19375550746917725
33,5,-0.12577319145202637
33,6,-0.18539845943450928
33,7,0.1382613182067871
33,8,0.6838583946228027
33,9,-0.10236245393753052
33,10,0.16943442821502686
33,11,-0.1408715844154358
33,12,0.1597912311553955
33,13,-0.0031723976135253906
33,14,0.40182721614837646
33,15,-0.25399357080459595
33,16,0.21992921829223633
33,17,-0.08778941631317139
33,18,-0.17680150270462036
33,19,-0.1199178695678711
33,20,0.00875246524810791
33,21,-0.23902976512908936
33,22,-0.0689731240272522
33,23,-0.1972266435623169
33,24,-0.18249177932739258
33,25,-0.04603433609008789
33,26,0.018770955502986908
33,27,-0.21359992027282715
33,28,0.014409184455871582
33,29,0.24011772871017456
33,30,0.16441166400909424
33,31,0.9777737259864807
33,32,0.03335106372833252
33,33,-0.6407572031021118
33,34,0.001438140869140625
33,35,0.020427584648132324
33,36,0.5489974617958069
33,37,0.12465167045593262
33,38,-0.15800130367279053
33,39,0.03867855668067932
33,40,0.18211567401885986
33,41,-0.25331225991249084
33,42,-0.08050477504730225
33,43,0.06935477256774902
33,44,-0.12772095203399658
33,45,-0.052965521812438965
33,46,0.03243434429168701
33,47,-0.049892671406269073
33,48,-0.026589274406433105
33,49,0.18265271186828613
33,50,-0.07582628726959229
33,51,-0.060676753520965576
33,52,-0.18567198514938354
34,0,-0.07387936115264893
34,1,-0.03315703570842743
34,2,-0.010455965995788574
34,3,-0.35868698358535767
34,4,-0.18964213132858276
34,5,-0.1581251621246338
34,6,0.04187428951263428
34,7,-0.1301255226135254
34,8,-0.2656294107437134
34,9,0.2816135883331299
34,10,3.611762523651123
34,11,0.0482029914855957
34,12,0.09383296966552734
34,13,-0.26537632942199707
34,14,-0.30967748165130615
34,15,-0.0429387092590332
34,16,-0.374795138835907
34,17,0.25752949714660645
34,18,-0.21654152870178223
34,19,0.038339078426361084
34,20,0.034587562084198
34,21,-0.048810482025146484
34,22,-0.033564209938049316
34,23,0.020416259765625
34,24,-0.11699724197387695
34,25,0.05008697509765625
34,26,-0.08535726368427277
34,27,-0.12128639221191406
34,28,-0.17759943008422852
34,29,-0.21402573585510254
34,30,-0.129372239112854
34,31,0.1454077959060669
34,32,0.7627968788146973
34,33,0.0014382600784301758
34,34,-0.9979057312011719
34,35,0.3264981508255005
34,36,-0.15665608644485474
34,37,-0.3060268759727478
34,38,0.21538567543029785
34,39,-0.26746755838394165
34,40,-0.055280089378356934
34,41,0.02367711067199707
34,42,-0.06311702728271484
34,43,-0.16160839796066284
34,44,0.0821530818939209
34,45,-0.10355150699615479
34,46,-0.03244781494140625
34,47,-0.029863417148590088
34,48,-0.08558130264282227
34,49,-0.17425477504730225
34,50,-0.10599780082702637
34,51,-0.12205305695533752
34,52,-0.017745375633239746
35,0,0.04544353485107422
35,1,0.06397387385368347
35,2,0.008726000785827637
35,3,0.07520413398742676
35,4,-0.06176888942718506
35,5,-0.16185951232910156
35,6,0.509069561958313
35,7,-0.10749924182891846
35,8,0.22838568687438965
35,9,1.307626485824585
35,10,0.13557744026184082
35,11,0.10140955448150635
35,12,0.22179722785949707
35,13,0.19242143630981445
35,14,0.16623926162719727
35,15,-0.2344599962234497
35,16,-0.08712577819824219
35,17,-0.18090951442718506
35,18,-0.1231461763381958
35,19,0.15300893783569336
35,20,-0.2692887783050537
35,21,-0.21398794651031494
35,22,-0.02661454677581787
35,23,-0.1255474090576172
35,24,-0.15122222900390625
35,25,-0.03635084629058838
35,26,-0.04016828536987305
35,27,-0.24669158458709717
35,28,-0.22560250759124756
35,29,0.04566514492034912
35,30,-0.1509721279144287
35,31,0.08822548389434814
35,32,0.39107751846313477
35,33,0.020427346229553223
35,34,0.3264979124069214
35,35,-1.8125571012496948
35,36,0.36736559867858887
35,37,0.19717955589294434
35,38,0.29090261459350586
35,39,-0.0560421347618103
35,40,-0.0702430009841919
35,41,-0.06568175554275513
35,42,0.22398900985717773
35,43,-0.0011255741119384766
35,44,-0.24158132076263428
35,45,0.00040590763092041016
35,46,0.012577414512634277
35,47,-0.04069627821445465
35,48,0.06396329402923584
35,49,-0.14197778701782227
35,50,-0.0060956478118896484
35,51,-0.06690287590026855
35,52,-0.29104387760162354
36,0,-0.21527880430221558
36,1,0.05371314287185669
36,2,-0.22341859340667725
36,3,0.12390315532684326
36,4,-0.16270947456359863
36,5,-0.19994783401489258
36,6,0.94077467918396
36,7,-0.13414764404296875
36,8,0.5758492350578308
36,9,0.03020787239074707
36,10,-0.0860709547996521
36,11,-0.016710638999938965
36,12,0.0019453763961791992
36,13,-0.22890973091125488
36,14,-0.21886801719665527
36,15,-0.2098100185394287
36,16,0.1722264289855957
36,17,-0.03760170936584473
36,18,0.2635483741760254
36,19,-0.19852030277252197
36,20,-0.18301653861999512
36,21,-0.16419649124145508
36,22,-0.26052260398864746
36,23,-0.10695028305053711
36,24,-0.2945266366004944
36,25,-0.15707635879516602
36,26,0.01775267720222473
36,27,-0.3416382074356079
36,28,-0.14040136337280273
36,29,0.4830353856086731
36,30,-0.2663893699645996
36,31,0.9223395586013794
36,32,0.07889235019683838
36,33,0.5489975214004517
36,34,-0.15665608644485474
36,35,0.36736583709716797
36,36,-0.8552581667900085
36,37,0.9053817987442017
36,38,0.005792737007141113
36,39,0.03481653332710266
36,40,1.138671875
36,41,-0.14201906323432922
36,42,-0.2020702362060547
36,43,-0.1794130802154541
36,44,-0.2740139365196228
36,45,-0.1764838695526123
36,46,-0.2226243019104004
36,47,-0.021713674068450928
36,48,-0.14887332916259766
36,49,-0.16151094436645508
36,50,-0.20276105403900146
36,51,0.15687114000320435
36,52,-0.23197156190872192
37,0,0.09022104740142822
37,1,0.020197167992591858
37,2,-0.29075849056243896
37,3,0.7039895057678223
37,4,-0.08509707450866699
37,5,0.2468165159225464
37,6,0.39708375930786133
37,7,-0.2251073122024536
37,8,0.5400736927986145
37,9,-0.18595623970031738
37,10,-0.06508511304855347
37,11,-0.2795473337173462
37,12,0.022868871688842773
37,13,-0.27056121826171875
37,14,-0.3856731653213501
37,15,-0.23737657070159912
37,16,-0.04764878749847412
37,17,0.12917613983154297
37,18,0.2041081190109253
37,19,0.4245985150337219
37,20,-0.06378668546676636
37,21,-0.23650014400482178
37,22,-0.309400737285614
37,23,-0.3661097288131714
37,24,-0.26652657985687256
37,25,-0.281400203704834
37,26,0.032184481620788574
37,27,-0.38203346729278564
37,28,-0.2478114366531372
37,29,0.6765486598014832
37,30,-0.2494441270828247
37,31,0.4919312000274658
37,32,0.05661892890930176
37,33,0.12465173006057739
37,34,-0.3060268759727478
37,35,0.19717955589294434
37,36,0.9053816795349121
37,37,-1.0040220022201538
37,38,0.5889748334884644
37,39,0.7486815452575684
37,40,1.00565505027771
37,41,-0.05781209468841553
37,42,-0.13435375690460205
37,43,-0.1676497459411621
37,44,-0.2852795124053955
37,45,-0.12179231643676758
37,46,-0.22248661518096924
37,47,0.005089059472084045
37,48,-0.29639291763305664
37,49,-0.17588555812835693
37,50,-0.2265031337738037
37,51,0.027224093675613403
37,52,-0.16522204875946045
38,0,1.0187619924545288
38,1,-0.05457445979118347
38,2,0.15565502643585205
38,3,1.4025026559829712
38,4,0.09456408023834229
38,5,-0.2389310598373413
38,6,-0.15429818630218506
38,7,-0.03190183639526367
38,8,-0.12835538387298584
38,9,-0.030637264251708984
38,10,0.07494640350341797
38,11,-0.08271801471710205
38,12,-0.1291337013244629
38,13,-0.29402005672454834
38,14,-0.22277379035949707
38,15,-0.2154451608657837
38,16,-0.07133162021636963
38,17,-0.09216368198394775
38,18,-0.0769948959350586
38,19,0.25212395191192627
38,20,-0.2608356475830078
38,21,-0.023816823959350586
38,22,0.03354692459106445
38,23,-0.20073437690734863
38,24,-0.0602869987487793
38,25,-0.05382359027862549
38,26,-0.05736595392227173
38,27,-0.21728134155273438
38,28,-0.17474210262298584
38,29,-0.008742332458496094
38,30,-0.2543792724609375
38,31,0.011179327964782715
38,32,-0.20585930347442627
38,33,-0.1580013632774353
38,34,0.2153855562210083
38,35,0.29090285301208496
38,36,0.005792737007141113
38,37,0.5889744758605957
38,38,-2.067892551422119
38,39,0.4486795663833618
38,40,0.3645731210708618
38,41,0.08951091766357422
38,42,0.19136738777160645
38,43,-0.019186973571777344
38,44,-0.05890607833862305
38,45,-0.0009770393371582031
38,46,0.13651716709136963
38,47,-0.01775592565536499
38,48,0.09457242488861084
38,49,-0.1310737133026123
38,50,0.29297518730163574
38,51,0.06658461689949036
38,52,-0.03416609764099121
39,0,-0.085345059633255
39,1,0.039239898324012756
39,2,-0.21638107299804688
39,3,-0.04840517044067383
39,4,0.018944978713989258
39,5,-0.01323235034942627
39,6,-0.04586613178253174
39,7,-0.16187816858291626
39,8,0.003456324338912964
39,9,-0.04951411485671997
39,10,-0.20138029754161835
39,11,-0.10551750659942627
39,12,0.0659719705581665
39,13,-0.08030426502227783
39,14,-0.11409884691238403
39,15,-0.12805324792861938
39,16,0.1806010603904724
39,17,0.17136460542678833
39,18,-0.015076696872711182
39,19,-0.11024962365627289
39,20,-0.03485259413719177
39,21,0.11308944225311279
39,22,-0.10370838642120361
39,23,-0.1746964156627655
39,24,-0.07056859135627747
39,25,-0.07164639234542847
39,26,0.018458202481269836
39,27,-0.19051244854927063
39,28,-0.13087135553359985
39,29,0.1610904335975647
39,30,-0.21619176864624023
39,31,0.30475205183029175
39,32,-0.20037415623664856
39,33,0.03867855668067932
39,34,-0.2674676179885864
39,35,-0.05604195594787598
39,36,0.03481650352478027
39,37,0.748681366443634
39,38,0.4486795663833618
39,39,-0.186221644282341
39,40,1.1256647109985352
39,41,-0.06492316722869873
39,42,-0.033122241497039795
39,43,-0.029614299535751343
39,44,0.09254622459411621
39,45,-0.0742032527923584
39,46,0.0483936071395874
39,47,0.012836173176765442
39,48,-0.04846394062042236
39,49,-0.13740822672843933
39,50,-0.15602698922157288
39,51,0.0334048718214035
39,52,-0.0384516716003418
40,0,-0.1882643699645996
40,1,0.09183064103126526
40,2,-0.3504887819290161
40,3,-0.01565873622894287
40,4,-0.22495853900909424
40,5,-0.06568658351898193
40,6,0.028273344039916992
40,7,-0.28830456733703613
40,8,0.39718496799468994
40,9,-0.2638050317764282
40,10,-0.16418790817260742
40,11,-0.4681699275970459
40,12,-0.09974086284637451
40,13,-0.10637772083282471
40,14,-0.4173283576965332
40,15,-0.3686586618423462
40,16,2.089827537536621
40,17,0.06887423992156982
40,18,0.20702946186065674
40,19,-0.04705709218978882
40,20,-0.3175392150878906
40,21,-0.35280871391296387
40,22,-0.15233349800109863
40,23,-0.31601011753082275
40,24,-0.2760547399520874
40,25,-0.3627204895019531
40,26,0.011095598340034485
40,27,-0.31459927558898926
40,28,-0.16886579990386963
40,29,0.5204092264175415
40,30,-0.07736289501190186
40,31,0.6756467819213867
40,32,-0.17620444297790527
40,33,0.18211567401885986
40,34,-0.055280208587646484
40,35,-0.07024276256561279
40,36,1.138671636581421
40,37,1.00565505027771
40,38,0.3645731210708618
40,39,1.1256647109985352
40,40,-1.5606757402420044
40,41,0.04520523548126221
40,42,0.8524050712585449
40,43,-0.1378624439239502
40,44,-0.2184849977493286
40,45,-0.33047640323638916
40,46,-0.23956537246704102
40,47,-0.07488945871591568
40,48,-0.3602553606033325
40,49,-0.05964493751525879
40,50,-0.11190521717071533
40,51,0.010733485221862793
40,52,-0.012727141380310059
41,0,0.6219668984413147
41,1,0.056471869349479675
41,2,-0.005432844161987305
41,3,1.39079749584198
41,4,0.037437260150909424
41,5,-0.027570664882659912
41,6,0.029557526111602783
41,7,-0.19192230701446533
41,8,-0.12060472369194031
41,9,0.09169721603393555
41,10,-0.05106368660926819
41,11,-0.09753578901290894
41,12,-0.2171676754951477
41,13,0.02554166316986084
41,14,-0.03924483060836792
41,15,-0.25396400690078735
41,16,0.07282865047454834
41,17,-0.01912224292755127
41,18,0.16700613498687744
41,19,-0.11816525459289551
41,20,-0.17295420169830322
41,21,-0.073245108127594
41,22,-0.20453953742980957
41,23,-0.1170455813407898
41,24,0.07358264923095703
41,25,-0.23323780298233032
41,26,0.06198451668024063
41,27,-0.05951881408691406
41,28,-0.11462557315826416
41,29,0.21697041392326355
41,30,-0.2188822627067566
41,31,-0.014421582221984863
41,32,0.005346834659576416
41,33,-0.25331228971481323
41,34,0.02367699146270752
41,35,-0.0656815767288208
41,36,-0.1420190930366516
41,37,-0.05781221389770508
41,38,0.08951085805892944
41,39,-0.06492319703102112
41,40,0.045205116271972656
41,41,-0.3447922170162201
41,42,0.4770914316177368
41,43,-0.10110923647880554
41,44,-0.007134139537811279
41,45,0.1280510425567627
41,46,-0.11967921257019043
41,47,-0.0020002946257591248
41,48,-0.1964537501335144
41,49,-0.10427230596542358
41,50,0.2619308829307556
41,51,-0.04912843555212021
41,52,-0.018075287342071533
42,0,0.015279054641723633
42,1,-0.15996429324150085
42,2,0.10178160667419434
42,3,0.09571540355682373
42,4,-0.05874156951904297
42,5,-0.16077065467834473
42,6,-0.015965700149536133
42,7,-0.10021317005157471
42,8,-0.06920081377029419
42,9,-0.17055964469909668
42,10,0.08753657341003418
42,11,-0.06377458572387695
42,12,-0.2278146743774414
42,13,-0.05655097961425781
42,14,0.08403944969177246
42,15,-0.06260490417480469
42,16,1.9462366104125977
42,17,-0.10484862327575684
42,18,-0.1191105842590332
42,19,-0.11321461200714111
42,20,-0.1795341968536377
42,21,-0.01606929302215576
42,22,-0.016496658325195312
42,23,-0.19740080833435059
42,24,-0.08430862426757812
42,25,-0.1686309576034546
42,26,-0.011201396584510803
42,27,-0.24209749698638916
42,28,-0.1418437957763672
42,29,0.19246578216552734
42,30,-0.34763336181640625
42,31,-0.21626973152160645
42,32,-0.25767505168914795
42,33,-0.0805046558380127
42,34,-0.0631171464920044
42,35,0.22398900985717773
42,36,-0.20207035541534424
42,37,-0.1343538761138916
42,38,0.19136714935302734
42,39,-0.033122241497039795
42,40,0.8524050712585449
42,41,0.47709131240844727
42,42,-2.1606431007385254
42,43,0.4326505661010742
42,44,0.075675368309021
42,45,0.2796257734298706
42,46,1.0032801628112793
42,47,-0.024177908897399902
42,48,-0.20614635944366455
42,49,0.19255244731903076
42,50,0.18518495559692383
42,51,-0.11091151833534241
42,52,-0.059332847595214844
43,0,-0.1240992546081543
43,1,-0.07329660654067993
43,2,0.05315601825714111
43,3,0.047396063804626465
43,4,0.10875165462493896
43,5,-0.15459179878234863
43,6,-0.07380867004394531
43,7,-0.002222895622253418
43,8,-0.03032130002975464
43,9,-0.004684567451477051
43,10,-0.034458696842193604
43,11,0.1107255220413208
43,12,0.05003058910369873
43,13,0.06372702121734619
43,14,-0.031028032302856445
43,15,-0.0257265567779541
43,16,-0.044956207275390625
43,17,-0.030722439289093018
43,18,-0.030469059944152832
43,19,0.0051032304763793945
43,20,-0.0894012451171875
43,21,-0.09100866317749023
43,22,-0.1504143476486206
43,23,-0.032311081886291504
43,24,0.06680738925933838
43,25,-0.011172294616699219
43,26,0.08637703955173492
43,27,-0.1557772159576416
43,28,-0.06590878963470459
43,29,-0.2077852487564087
43,30,-0.23205649852752686
43,31,-0.10661453008651733
43,32,-0.2001802921295166
43,33,0.0693548321723938
43,34,-0.1616082787513733
43,35,-0.0011250972747802734
43,36,-0.17941296100616455
43,37,-0.16764968633651733
43,38,-0.019186735153198242
43,39,-0.029614269733428955
43,40,-0.13786232471466064
43,41,-0.10110911726951599
43,42,0.4326508045196533
43,43,-0.9658380746841431
43,44,0.17189502716064453
43,45,0.4659287929534912
43,46,1.80059814453125
43,47,0.09954716265201569
43,48,0.2423948049545288
43,49,0.013353705406188965
43,50,-0.0900946855545044
43,51,-0.059209421277046204
43,52,0.027938365936279297
44,0,-0.261893630027771
44,1,-0.095696821808815
44,2,-0.0332103967666626
44,3,-0.1457275152206421
44,4,-0.18220674991607666
44,5,-0.07284224033355713
44,6,-0.2541922330856323
44,7,-0.19865071773529053
44,8,-0.08459949493408203
44,9,-0.13751280307769775
44,10,-0.1247672438621521
44,11,0.030249714851379395
44,12,-0.2379206418991089
44,13,-0.08815598487854004
44,14,-0.2883133888244629
44,15,-0.04279172420501709
44,16,-0.16817069053649902
44,17,1.430768609046936
44,18,-0.25829005241394043
44,19,0.008501648902893066
44,20,-0.1218191385269165
44,21,0.10168111324310303
44,22,0.059448838233947754
44,23,0.2514975070953369
44,24,-0.22420179843902588
44,25,0.8306493759155273
44,26,-0.025605931878089905
44,27,0.10675859451293945
44,28,0.30539417266845703
44,29,-0.32448631525039673
44,30,-0.0260772705078125
44,31,-0.23390132188796997
44,32,-0.16857850551605225
44,33,-0.12772095203399658
44,34,0.08215296268463135
44,35,-0.24158096313476562
44,36,-0.274013876914978
44,37,-0.28527963161468506
44,38,-0.0589061975479126
44,39,0.09254628419876099
44,40,-0.21848511695861816
44,41,-0.007134079933166504
44,42,0.075675368309021
44,43,0.17189490795135498
44,44,-1.7480403184890747
44,45,0.7167041301727295
44,46,0.06792914867401123
44,47,-0.015483424067497253
44,48,2.2334542274475098
44,49,0.12162375450134277
44,50,-0.016652584075927734
44,51,-0.09449151158332825
44,52,0.2004784345626831
45,0,-0.13593173027038574
45,1,-0.016882270574569702
45,2,0.11027705669403076
45,3,0.10637164115905762
45,4,0.012294411659240723
45,5,-0.15949034690856934
45,6,0.05612671375274658
45,7,0.10829925537109375
45,8,-0.14634400606155396
45,9,0.014891982078552246
45,10,-0.17857110500335693
45,11,0.06536865234375
45,12,-0.04611611366271973
45,13,-0.021423697471618652
45,14,0.05127441883087158
45,15,0.1601790189743042
45,16,-0.09639334678649902
45,17,-0.03677791357040405
45,18,-0.13775968551635742
45,19,-0.15589839220046997
45,20,-0.1211470365524292
45,21,-0.20513916015625
45,22,0.22893333435058594
45,23,0.0031905174255371094
45,24,0.15740740299224854
45,25,0.17190194129943848
45,26,0.0013128966093063354
45,27,0.0447232723236084
45,28,-0.14894139766693115
45,29,-0.1579180359840393
45,30,0.009084939956665039
45,31,-0.14873439073562622
45,32,-0.10959839820861816
45,33,-0.05296546220779419
45,34,-0.10355174541473389
45,35,0.0004062652587890625
45,36,-0.1764838695526123
45,37,-0.12179219722747803
45,38,-0.0009769201278686523
45,39,-0.07420322299003601
45,40,-0.3304765224456787
45,41,0.12805110216140747
45,42,0.2796257734298706
45,43,0.46592867374420166
45,44,0.7167041301727295
45,45,-1.3847622871398926
45,46,0.1648111343383789
45,47,-0.01652371883392334
45,48,0.31323909759521484
45,49,0.933777928352356
45,50,-0.039910197257995605
45,51,-0.1273335963487625
45,52,0.14786946773529053
46,0,-0.05112338066101074
46,1,-0.08600115776062012
46,2,0.10119378566741943
46,3,-0.012011289596557617
46,4,0.11967611312866211
46,5,-0.23675036430358887
46,6,-0.2341468334197998
46,7,-0.1482553482055664
46,8,-0.11205267906188965
46,9,-0.09593212604522705
46,10,-0.03288149833679199
46,11,-0.1300971508026123
46,12,0.030906081199645996
46,13,-0.1573425531387329
46,14,-0.01543283462524414
46,15,-0.06249558925628662
46,16,0.14594268798828125
46,17,0.15050971508026123
46,18,-0.03374373912811279
46,19,-0.03925812244415283
46,20,-0.06774663925170898
46,21,0.09141755104064941
46,22,-0.01126551628112793
46,23,-0.008715271949768066
46,24,0.06560719013214111
46,25,-0.26161491870880127
46,26,-0.0033668577671051025
46,27,-0.0926961898803711
46,28,-0.06962811946868896
46,29,-0.14895296096801758
46,30,-0.18904054164886475
46,31,0.0473780632019043
46,32,-0.15972256660461426
46,33,0.03243434429168701
46,34,-0.0324479341506958
46,35,0.012577652931213379
46,36,-0.2226243019104004
46,37,-0.222486674785614
46,38,0.13651716709136963
46,39,0.04839354753494263
46,40,-0.23956537246704102
46,41,-0.11967921257019043
46,42,1.0032801628112793
46,43,1.8005980253219604
46,44,0.06792926788330078
46,45,0.1648111343383789
46,46,-1.456829309463501
46,47,0.0853908360004425
46,48,0.06443250179290771
46,49,0.34436678886413574
46,50,0.5360734462738037
46,51,-0.04797127842903137
46,52,-0.24755346775054932
47,0,-0.03908419609069824
47,1,0.07692986726760864
47,2,-0.02273942530155182
47,3,-0.019020304083824158
47,4,-0.009129688143730164
47,5,-0.01617911458015442
47,6,-0.03544095158576965
47,7,-0.05096113681793213
47,8,-0.04284404218196869
47,9,-0.008523717522621155
47,10,-0.025208622217178345
47,11,0.008755713701248169
47,12,-0.0710316151380539
47,13,-0.003679916262626648
47,14,-0.03830191493034363
47,15,-0.048599883913993835
47,16,-0.042317211627960205
47,17,-0.011499136686325073
47,18,-0.0599542111158371
47,19,0.029691755771636963
47,20,0.00860700011253357
47,21,0.008381053805351257
47,22,-0.029531806707382202
47,23,-0.018750667572021484
47,24,-0.03739568591117859
47,25,-0.01947993040084839
47,26,0.08965808153152466
47,27,-0.06988580524921417
47,28,-0.04106011986732483
47,29,-0.04017903655767441
47,30,-0.07847045361995697
47,31,-0.0019685328006744385
47,32,-0.07155238091945648
47,33,-0.04989265650510788
47,34,-0.029863417148590088
47,35,-0.04069623351097107
47,36,-0.021713681519031525
47,37,0.005089029669761658
47,38,-0.01775592565536499
47,39,0.012836173176765442
47,40,-0.07488946616649628
47,41,-0.002000287175178528
47,42,-0.02417789399623871
47,43,0.09954714775085449
47,44,-0.015483424067497253
47,45,-0.016523733735084534
47,46,0.0853908360004425
47,47,-0.02489231526851654
47,48,0.1678556650876999
47,49,0.08600793778896332
47,50,-0.028452038764953613
47,51,0.4428252875804901
47,52,0.1775553971529007
48,0,0.387894868850708
48,1,-0.11093491315841675
48,2,0.008553028106689453
48,3,-0.10997140407562256
48,4,-0.18011128902435303
48,5,-0.10416460037231445
48,6,-0.13917958736419678
48,7,-0.020065665245056152
48,8,-0.21163105964660645
48,9,-0.13390862941741943
48,10,-0.09591960906982422
48,11,-0.2256249189376831
48,12,-0.17328453063964844
48,13,-0.18943071365356445
48,14,-0.2043132781982422
48,15,0.12501418590545654
48,16,-0.24621105194091797
48,17,0.06058156490325928
48,18,-0.20741498470306396
48,19,0.021185994148254395
48,20,-0.2537044286727905
48,21,-0.01984846591949463
48,22,0.10484623908996582
48,23,0.07773399353027344
48,24,0.07654893398284912
48,25,0.7588239908218384
48,26,-0.030835062265396118
48,27,0.033830881118774414
48,28,0.09339845180511475
48,29,-0.23253297805786133
48,30,-0.06962251663208008
48,31,-0.22785413265228271
48,32,-0.3176572322845459
48,33,-0.026589393615722656
48,34,-0.08558142185211182
48,35,0.06396341323852539
48,36,-0.14887356758117676
48,37,-0.29639315605163574
48,38,0.09457230567932129
48,39,-0.048464059829711914
48,40,-0.36025571823120117
48,41,-0.1964537501335144
48,42,-0.20614635944366455
48,43,0.2423943281173706
48,44,2.2334539890289307
48,45,0.31323885917663574
48,46,0.06443250179290771
48,47,0.16785560548305511
48,48,-1.7925410270690918
48,49,0.43433988094329834
48,50,0.2628462314605713
48,51,-0.03648027777671814
48,52,1.076487421989441
49,0,0.21986925601959229
49,1,-0.07206758856773376
49,2,0.14691972732543945
49,3,-0.12449884414672852
49,4,0.04208362102508545
49,5,-0.1415541172027588
49,6,-0.11170327663421631
49,7,-0.042467474937438965
49,8,-0.05766952037811279
49,9,-0.03254103660583496
49,10,-0.181191086769104
49,11,0.0676802396774292
49,12,-0.09178733825683594
49,13,0.02887892723083496
49,14,-0.13833332061767578
49,15,-0.007834196090698242
49,16,-0.09614944458007812
49,17,-0.06271934509277344
49,18,-0.18561244010925293
49,19,-0.12163108587265015
49,20,-0.011094927787780762
49,21,0.12261450290679932
49,22,0.0758737325668335
49,23,-0.0627279281616211
49,24,0.04132497310638428
49,25,0.024423956871032715
49,26,-0.012234985828399658
49,27,-0.1803058385848999
49,28,0.11539936065673828
49,29,-0.15863698720932007
49,30,-0.0908811092376709
49,31,-0.026038289070129395
49,32,-0.06688356399536133
49,33,0.18265271186828613
49,34,-0.1742548942565918
49,35,-0.14197754859924316
49,36,-0.16151094436645508
49,37,-0.17588567733764648
49,38,-0.1310737133026123
49,39,-0.13740822672843933
49,40,-0.05964481830596924
49,41,-0.10427218675613403
49,42,0.19255244731903076
49,43,0.013353586196899414
49,44,0.12162375450134277
49,45,0.933777928352356
49,46,0.34436678886413574
49,47,0.08600793778896332
49,48,0.43434011936187744
49,49,-1.6395841836929321
49,50,0.8593730926513672
49,51,0.09571698307991028
49,52,0.6533448696136475
50,0,1.0546607971191406
50,1,-0.005235821008682251
50,2,0.25881361961364746
50,3,-0.15591979026794434
50,4,-0.0989997386932373
50,5,-0.16830897331237793
50,6,-0.15888404846191406
50,7,-0.21302223205566406
50,8,-0.16897547245025635
50,9,-0.11619448661804199
50,10,0.1479092836380005
50,11,-0.048418641090393066
50,12,0.10723638534545898
50,13,-0.150925874710083
50,14,-0.1534024477005005
50,15,0.09345865249633789
50,16,-0.10428977012634277
50,17,0.2525367736816406
50,18,-0.0213010311126709
50,19,-0.11398863792419434
50,20,-0.1336956024169922
50,21,-0.05652785301208496
50,22,-0.09862041473388672
50,23,-0.19503319263458252
50,24,0.15943515300750732
50,25,0.0830996036529541
50,26,-0.00921766459941864
50,27,-0.13689184188842773
50,28,0.17724251747131348
50,29,-0.16113793849945068
50,30,0.08896160125732422
50,31,-0.12484979629516602
50,32,-0.20882940292358398
50,33,-0.07582628726959229
50,34,-0.10599768161773682
50,35,-0.006095409393310547
50,36,-0.20276117324829102
50,37,-0.2265031337738037
50,38,0.29297494888305664
50,39,-0.15602701902389526
50,40,-0.11190509796142578
50,41,0.26193082332611084
50,42,0.18518519401550293
50,43,-0.09009480476379395
50,44,-0.016652703285217285
50,45,-0.039910197257995605
50,46,0.5360732078552246
50,47,-0.028452038764953613
50,48,0.26284658908843994
50,49,0.8593730926513672
50,50,-2.102815866470337
50,51,0.3171086013317108
50,52,0.8268649578094482
51,0,-0.12699446082115173
51,1,-0.027409888803958893
51,2,-0.08679166436195374
51,3,-0.09989392757415771
51,4,0.13210570812225342
51,5,-0.05145511031150818
51,6,0.03297847509384155
51,7,-0.2023916095495224
51,8,-0.08232516050338745
51,9,0.07611697912216187
51,10,-0.10584843158721924
51,11,-0.12956976890563965
51,12,-0.08006411790847778
51,13,-0.06243175268173218
51,14,-0.11252942681312561
51,15,-0.12806737422943115
51,16,0.07035475969314575
51,17,-0.10718436539173126
51,18,-0.04580599069595337
51,19,0.24128003418445587
51,20,-0.08648593723773956
51,21,0.018777042627334595
51,22,-0.12385936081409454
51,23,-0.13998006284236908
51,24,-0.15973709523677826
51,25,-0.09695523977279663
51,26,0.14094820618629456
51,27,-0.09178835153579712
51,28,-0.10534578561782837
51,29,0.22784288227558136
51,30,-0.017057031393051147
51,31,-0.027036339044570923
51,32,0.0835789144039154
51,33,-0.06067676842212677
51,34,-0.1220531016588211
51,35,-0.06690284609794617
51,36,0.15687108039855957
51,37,0.027224063873291016
51,38,0.06658458709716797
51,39,0.03340485692024231
51,40,0.01073339581489563
51,41,-0.04912843555212021
51,42,-0.11091148853302002
51,43,-0.05920949578285217
51,44,-0.09449157118797302
51,45,-0.1273336410522461
51,46,-0.04797130823135376
51,47,0.4428252875804901
51,48,-0.03648024797439575
51,49,0.09571686387062073
51,50,0.31710872054100037
51,51,-0.0761391744017601
51,52,0.9738538265228271
52,0,0.18163275718688965
52,1,-0.0177496075630188
52,2,0.3158583641052246
52,3,-0.13856422901153564
52,4,-0.12190783023834229
52,5,-0.01891613006591797
52,6,0.03810989856719971
52,7,-0.014826774597167969
52,8,-0.24791336059570312
52,9,-0.15927278995513916
52,10,-0.11685061454772949
52,11,-0.11990296840667725
52,12,-0.11551475524902344
52,13,-0.007129311561584473
52,14,-0.13512206077575684
52,15,0.08022749423980713
52,16,-0.31119728088378906
52,17,0.09212970733642578
52,18,-0.269550085067749
52,19,0.32595956325531006
52,20,-0.2243909239768982
52,21,-0.018111824989318848
52,22,0.01801002025604248
52,23,-0.015271306037902832
52,24,0.7026374340057373
52,25,0.14572572708129883
52,26,0.0021001994609832764
52,27,-0.21808087825775146
52,28,-0.01921677589416504
52,29,-0.21313124895095825
52,30,-0.13710308074951172
52,31,-0.1478169560432434
52,32,-0.32580268383026123
52,33,-0.18567192554473877
52,34,-0.017745375633239746
52,35,-0.291043758392334
52,36,-0.23197150230407715
52,37,-0.16522216796875
52,38,-0.03416621685028076
52,39,-0.0384516716003418
52,40,-0.01272726058959961
52,41,-0.018075227737426758
52,42,-0.059333086013793945
52,43,0.027938365936279297
52,44,0.20047831535339355
52,45,0.14786946773529053
52,46,-0.24755358695983887
52,47,0.1775553971529007
52,48,1.0764873027801514
52,49,0.6533448696136475
52,50,0.8268649578094482
52,51,0.9738536477088928
52,52,-1.5714714527130127
