0,0,-1.6813417673110962
0,1,-0.07041662931442261
0,2,0.5849103927612305
0,3,0.6613738536834717
0,4,0.4957606792449951
0,5,0.373488187789917
0,6,-0.12621164321899414
0,7,-0.3076366186141968
0,8,-0.35256969928741455
0,9,0.01164555549621582
0,10,-0.29617762565612793
0,11,-0.2807241678237915
0,12,-0.05533719062805176
0,13,-0.030190467834472656
0,14,0.16143584251403809
0,15,0.3366541862487793
0,16,0.1457216739654541
0,17,-0.24362492561340332
0,18,0.07748842239379883
0,19,-0.2619072198867798
0,20,-0.20776939392089844
0,21,-0.05011630058288574
0,22,-0.22662127017974854
0,23,0.2517735958099365
0,24,-0.4660545587539673
0,25,-0.46827054023742676
0,26,0.03550976514816284
0,27,-0.583012580871582
0,28,-0.4269886016845703
0,29,-0.6599942445755005
0,30,-0.07740330696105957
0,31,0.013243436813354492
0,32,0.208817720413208
0,33,-0.1463489532470703
0,34,-0.09260284900665283
0,35,-0.209128737449646
0,36,-0.1257098913192749
0,37,0.8276767730712891
0,38,1.580810546875
0,39,0.07342886924743652
0,40,-0.6214990615844727
0,41,0.7620366811752319
0,42,-0.1763451099395752
0,43,-0.359932541847229
0,44,-0.8472473621368408
0,45,-0.058913469314575195
0,46,-0.3174060583114624
0,47,-0.1508689522743225
0,48,0.5482573509216309
0,49,0.8959002494812012
0,50,1.6764490604400635
0,51,-0.3442453145980835
0,52,0.6002383232116699
1,0,-0.07041656970977783
1,1,-0.4329548180103302
1,2,0.37234747409820557
1,3,0.2962937355041504
1,4,0.41143256425857544
1,5,0.7915627956390381
1,6,0.46179628372192383
1,7,0.2269512414932251
1,8,0.28635644912719727
1,9,0.08139598369598389
1,10,0.3799271583557129
1,11,-0.12863004207611084
1,12,-0.14099669456481934
1,13,-0.08464598655700684
1,14,0.14135217666625977
1,15,-0.3682628870010376
1,16,-0.006929993629455566
1,17,-0.11991167068481445
1,18,-0.39257097244262695
1,19,-0.4556448757648468
1,20,0.6276338696479797
1,21,0.17748618125915527
1,22,0.062291741371154785
1,23,0.046709537506103516
1,24,-0.36720919609069824
1,25,-0.15460991859436035
1,26,0.204490065574646
1,27,-0.08237981796264648
1,28,0.298673152923584
1,29,-0.46290114521980286
1,30,-0.23668920993804932
1,31,0.10597622394561768
1,32,-0.226362943649292
1,33,-0.18155664205551147
1,34,0.2386593222618103
1,35,0.18797731399536133
1,36,0.39952486753463745
1,37,-0.032816290855407715
1,38,0.2841991186141968
1,39,-0.43612444400787354
1,40,0.06839215755462646
1,41,-0.0073493123054504395
1,42,-0.5948008894920349
1,43,-0.2666887044906616
1,44,-0.3104243278503418
1,45,0.0463869571685791
1,46,-0.22818207740783691
1,47,0.016647249460220337
1,48,-0.1680561900138855
1,49,-0.016576170921325684
1,50,0.0767509937286377
1,51,-0.42905521392822266
1,52,0.11153209209442139
2,0,0.5849103927612305
2,1,0.3723471164703369
2,2,-2.707087993621826
2,3,1.2218034267425537
2,4,0.2298722267150879
2,5,-0.03942251205444336
2,6,-0.264207124710083
2,7,-0.08841967582702637
2,8,-0.13641881942749023
2,9,0.13335275650024414
2,10,-0.03362226486206055
2,11,0.26421642303466797
2,12,-0.41429972648620605
2,13,0.05854153633117676
2,14,0.07582759857177734
2,15,-0.11657261848449707
2,16,-0.5057744979858398
2,17,-0.4034808874130249
2,18,0.10500216484069824
2,19,0.16279065608978271
2,20,-0.34842121601104736
2,21,3.0770273208618164
2,22,0.355726957321167
2,23,0.5407264232635498
2,24,0.8290901184082031
2,25,0.8039748668670654
2,26,-0.11360913515090942
2,27,-0.2387104034423828
2,28,-0.34174394607543945
2,29,-0.36357545852661133
2,30,-0.5882346630096436
2,31,-0.608008861541748
2,32,-0.14650774002075195
2,33,-0.48291993141174316
2,34,-0.24886727333068848
2,35,-0.16661572456359863
2,36,-0.7659169435501099
2,37,-0.37730276584625244
2,38,0.4284355640411377
2,39,-0.27198827266693115
2,40,-1.0952880382537842
2,41,-0.22434759140014648
2,42,0.34421634674072266
2,43,-0.1277003288269043
2,44,-0.03324770927429199
2,45,-0.022188186645507812
2,46,0.22161245346069336
2,47,0.11691582202911377
2,48,0.07746219635009766
2,49,0.05552816390991211
2,50,0.4414074420928955
2,51,-0.05455970764160156
2,52,0.8282809257507324
3,0,0.6613738536834717
3,1,0.2962934970855713
3,2,1.2218029499053955
3,3,-2.811147689819336
3,4,1.1835107803344727
3,5,-0.21910905838012695
3,6,0.33208703994750977
3,7,-0.13319683074951172
3,8,-0.25112640857696533
3,9,0.5034823417663574
3,10,-1.1420799493789673
3,11,-0.1987450122833252
3,12,0.28337645530700684
3,13,-0.3450338840484619
3,14,-0.3719339370727539
3,15,-0.511106014251709
3,16,-0.13560771942138672
3,17,0.022996902465820312
3,18,-0.5912859439849854
3,19,-0.26764190196990967
3,20,-0.4572732448577881
3,21,0.8132791519165039
3,22,0.09418940544128418
3,23,-0.9624090194702148
3,24,0.2470841407775879
3,25,-0.13474416732788086
3,26,0.00180894136428833
3,27,0.3251943588256836
3,28,-0.04747748374938965
3,29,-0.5319350957870483
3,30,-0.9592559337615967
3,31,-0.4285327196121216
3,32,-0.7484052181243896
3,33,-0.10522043704986572
3,34,-0.7127691507339478
3,35,-0.1965808868408203
3,36,0.28248071670532227
3,37,1.384692668914795
3,38,2.4288265705108643
3,39,0.4780353307723999
3,40,0.079010009765625
3,41,2.276184320449829
3,42,0.2405989170074463
3,43,0.06900954246520996
3,44,-0.15338468551635742
3,45,0.049468278884887695
3,46,-0.13863897323608398
3,47,-0.04440230131149292
3,48,-0.36879992485046387
3,49,-0.16357064247131348
3,50,-0.44829702377319336
3,51,0.49759888648986816
3,52,-0.19268369674682617
4,0,0.49576056003570557
4,1,0.4114322066307068
4,2,0.2298719882965088
4,3,1.1835110187530518
4,4,-1.8911166191101074
4,5,0.6142513751983643
4,6,0.030780792236328125
4,7,0.7190930843353271
4,8,0.11420011520385742
4,9,0.386307954788208
4,10,-0.6811919808387756
4,11,-0.1443781852722168
4,12,0.05652213096618652
4,13,0.06416797637939453
4,14,-0.18979215621948242
4,15,-0.26683712005615234
4,16,-0.03222060203552246
4,17,-0.001135706901550293
4,18,-0.31563079357147217
4,19,0.3815152645111084
4,20,-0.16328859329223633
4,21,1.6427686214447021
4,22,0.5156636238098145
4,23,-0.34385979175567627
4,24,0.27771949768066406
4,25,-0.10332751274108887
4,26,-0.015990257263183594
4,27,-0.17131423950195312
4,28,-0.2080979347229004
4,29,-0.6261591911315918
4,30,-0.4706847667694092
4,31,0.31221091747283936
4,32,-0.35729503631591797
4,33,-0.1367814540863037
4,34,-0.6396853923797607
4,35,-0.05651712417602539
4,36,-0.23597252368927002
4,37,-0.01359546184539795
4,38,0.006449460983276367
4,39,0.23653972148895264
4,40,-0.25076723098754883
4,41,0.1991736888885498
4,42,-0.5839049816131592
4,43,0.44042086601257324
4,44,-0.48837244510650635
4,45,-0.07606244087219238
4,46,0.7543730735778809
4,47,0.35503560304641724
4,48,-0.5736340284347534
4,49,-0.26160502433776855
4,50,-0.16405892372131348
4,51,0.6811062097549438
4,52,-0.6456034183502197
5,0,0.373488187789917
5,1,0.7915630340576172
5,2,-0.03942275047302246
5,3,-0.21910905838012695
5,4,0.614250898361206
5,5,-3.3454601764678955
5,6,0.42334794998168945
5,7,1.7619092464447021
5,8,0.09524381160736084
5,9,-0.6054472923278809
5,10,-0.4212641716003418
5,11,-0.0848543643951416
5,12,-0.5444700717926025
5,13,0.14937973022460938
5,14,-0.26860761642456055
5,15,-0.09158921241760254
5,16,-0.39887285232543945
5,17,-0.2924063205718994
5,18,5.9176530838012695
5,19,0.06606793403625488
5,20,-0.12229156494140625
5,21,-0.2861945629119873
5,22,-0.28936243057250977
5,23,-0.13206124305725098
5,24,-0.5725212097167969
5,25,-0.267627477645874
5,26,-0.1765623688697815
5,27,0.4730830192565918
5,28,0.06132316589355469
5,29,1.0341806411743164
5,30,0.514946699142456
5,31,-0.4814873933792114
5,32,-0.16397404670715332
5,33,-0.12905573844909668
5,34,-0.5446645021438599
5,35,-0.5490026473999023
5,36,0.006185293197631836
5,37,1.0566587448120117
5,38,-1.1869310140609741
5,39,0.26534605026245117
5,40,-0.3176076412200928
5,41,-0.418703556060791
5,42,-0.2039966583251953
5,43,-0.08751606941223145
5,44,-0.3221123218536377
5,45,-0.49633753299713135
5,46,-0.31173086166381836
5,47,0.37058502435684204
5,48,-0.7771434783935547
5,49,-0.15473723411560059
5,50,-0.12571978569030762
5,51,0.05384624004364014
5,52,0.3997838497161865
6,0,-0.12621188163757324
6,1,0.4617959260940552
6,2,-0.264207124710083
6,3,0.33208727836608887
6,4,0.030780792236328125
6,5,0.42334842681884766
6,6,-2.4024202823638916
6,7,0.6868307590484619
6,8,0.7721598148345947
6,9,0.5055561065673828
6,10,0.14584612846374512
6,11,-0.06957221031188965
6,12,-0.07930517196655273
6,13,0.08862876892089844
6,14,0.30637407302856445
6,15,-0.5355939865112305
6,16,-0.5009019374847412
6,17,-0.09406161308288574
6,18,0.05582880973815918
6,19,-0.004621624946594238
6,20,0.06767117977142334
6,21,-0.24646997451782227
6,22,-0.17230677604675293
6,23,-0.02866220474243164
6,24,0.3397088050842285
6,25,0.09121274948120117
6,26,-0.06284797191619873
6,27,-0.21052241325378418
6,28,0.07078838348388672
6,29,-0.02980649471282959
6,30,-0.18257617950439453
6,31,-0.4460486173629761
6,32,0.33496570587158203
6,33,-0.41114842891693115
6,34,-0.044042110443115234
6,35,0.625706672668457
6,36,1.6892247200012207
6,37,0.4154634475708008
6,38,-0.14632320404052734
6,39,-0.11513197422027588
6,40,0.1045985221862793
6,41,-0.01065969467163086
6,42,0.1954042911529541
6,43,-0.1072077751159668
6,44,-0.3482682704925537
6,45,0.1328296661376953
6,46,-0.4375096559524536
6,47,0.05965900421142578
6,48,-0.06345438957214355
6,49,-0.1579141616821289
6,50,-0.49451732635498047
6,51,0.012156128883361816
6,52,-0.15630149841308594
7,0,-0.3076368570327759
7,1,0.22695183753967285
7,2,-0.08842015266418457
7,3,-0.13319659233093262
7,4,0.7190933227539062
7,5,1.7619092464447021
7,6,0.6868305206298828
7,7,-2.450199842453003
7,8,0.6193945407867432
7,9,0.5546367168426514
7,10,-0.0727764368057251
7,11,1.0972232818603516
7,12,-0.18505382537841797
7,13,0.45468831062316895
7,14,0.14840126037597656
7,15,0.6298906803131104
7,16,-0.3672146797180176
7,17,-0.25652265548706055
7,18,-0.02233409881591797
7,19,-0.02472865581512451
7,20,-0.23746180534362793
7,21,0.07434630393981934
7,22,-0.012843608856201172
7,23,-0.5328092575073242
7,24,0.043068885803222656
7,25,-0.5479179620742798
7,26,0.16857445240020752
7,27,-0.15842127799987793
7,28,0.4801971912384033
7,29,0.3477442264556885
7,30,0.6258790493011475
7,31,-0.15762317180633545
7,32,1.9293763637542725
7,33,0.25137531757354736
7,34,-0.6489918231964111
7,35,-0.5127027034759521
7,36,-0.6052794456481934
7,37,-0.6501126289367676
7,38,0.10858964920043945
7,39,-0.18103814125061035
7,40,-0.7883142232894897
7,41,-0.18472051620483398
7,42,0.08698678016662598
7,43,-0.19753456115722656
7,44,-0.22481894493103027
7,45,0.0687415599822998
7,46,-0.4168887138366699
7,47,-0.11184656620025635
7,48,-0.006753683090209961
7,49,-0.10177326202392578
7,50,-0.4642298221588135
7,51,-0.4268391728401184
7,52,-0.00690007209777832
8,0,-0.3525697588920593
8,1,0.28635644912719727
8,2,-0.13641881942749023
8,3,-0.25112640857696533
8,4,0.11420035362243652
8,5,0.09524345397949219
8,6,0.7721598148345947
8,7,0.6193946599960327
8,8,-1.0338507890701294
8,9,0.6282984018325806
8,10,0.7607485055923462
8,11,-0.3502999544143677
8,12,-0.43650901317596436
8,13,-0.41400766372680664
8,14,-0.5124043226242065
8,15,-0.48303651809692383
8,16,1.469210147857666
8,17,-0.012791872024536133
8,18,-0.30043816566467285
8,19,-0.40720462799072266
8,20,-0.003914475440979004
8,21,-0.3573753833770752
8,22,0.12356197834014893
8,23,-0.49320244789123535
8,24,0.295548677444458
8,25,-0.5891304016113281
8,26,0.3476658761501312
8,27,-0.03325951099395752
8,28,-0.19925189018249512
8,29,0.8596135377883911
8,30,-0.2879730463027954
8,31,0.5553052425384521
8,32,0.2976111173629761
8,33,1.5458614826202393
8,34,0.057169437408447266
8,35,0.20347261428833008
8,36,0.34342122077941895
8,37,1.22943913936615
8,38,-0.41252458095550537
8,39,0.2966296076774597
8,40,0.1822338104248047
8,41,0.060325443744659424
8,42,-0.02860236167907715
8,43,-0.19229114055633545
8,44,-0.34335482120513916
8,45,-0.37861746549606323
8,46,-0.33445262908935547
8,47,-0.1653238832950592
8,48,-0.10665607452392578
8,49,-0.5835268497467041
8,50,-0.35205376148223877
8,51,-0.7413421869277954
8,52,-0.8499586582183838
9,0,0.01164555549621582
9,1,0.08139657974243164
9,2,0.13335299491882324
9,3,0.5034828186035156
9,4,0.3863084316253662
9,5,-0.60544753074646
9,6,0.5055558681488037
9,7,0.5546367168426514
9,8,0.6282984018325806
9,9,-2.679342031478882
9,10,0.028835773468017578
9,11,1.0470166206359863
9,12,0.043854475021362305
9,13,0.5352871417999268
9,14,0.35960817337036133
9,15,-0.2529613971710205
9,16,-0.13835763931274414
9,17,-0.158707857131958
9,18,0.04026150703430176
9,19,-0.40530991554260254
9,20,-0.4858189821243286
9,21,-0.6498737335205078
9,22,-0.36536097526550293
9,23,-0.6454281806945801
9,24,-0.26569533348083496
9,25,-0.1917891502380371
9,26,0.06186401844024658
9,27,-0.7297711372375488
9,28,-0.4280998706817627
9,29,-0.26392459869384766
9,30,-0.4492666721343994
9,31,0.33186841011047363
9,32,1.8238372802734375
9,33,-0.2628971338272095
9,34,-0.006512880325317383
9,35,1.909545660018921
9,36,0.2802935838699341
9,37,-0.2895005941390991
9,38,0.097320556640625
9,39,0.45131659507751465
9,40,-0.11105203628540039
9,41,0.38031113147735596
9,42,-0.15025091171264648
9,43,-0.09650814533233643
9,44,-0.404726505279541
9,45,0.003988742828369141
9,46,-0.16472625732421875
9,47,0.30380183458328247
9,48,-0.2900514602661133
9,49,-0.3866422176361084
9,50,-0.024248600006103516
9,51,0.47080564498901367
9,52,-0.07222461700439453
10,0,-0.29617786407470703
10,1,0.3799264430999756
10,2,-0.0336223840713501
10,3,-1.1420800685882568
10,4,-0.6811919808387756
10,5,-0.4212641716003418
10,6,0.14584636688232422
10,7,-0.07277655601501465
10,8,0.7607486248016357
10,9,0.028835773468017578
10,10,-1.2391636371612549
10,11,0.1742863655090332
10,12,0.9272406101226807
10,13,0.5712258815765381
10,14,0.4686211347579956
10,15,-0.327347993850708
10,16,-0.3026379346847534
10,17,0.17899346351623535
10,18,-0.4637751579284668
10,19,-0.17316865921020508
10,20,-0.29317808151245117
10,21,-0.022684574127197266
10,22,0.1600404977798462
10,23,0.012756943702697754
10,24,0.308673620223999
10,25,0.043137431144714355
10,26,-0.1465475857257843
10,27,-0.5474017858505249
10,28,-0.5190004110336304
10,29,-0.272930383682251
10,30,-0.0029053688049316406
10,31,0.09767389297485352
10,32,0.2297375202178955
10,33,-0.053362369537353516
10,34,5.333086967468262
10,35,0.29923951625823975
10,36,-0.03162801265716553
10,37,-0.2686246633529663
10,38,0.5131630897521973
10,39,-0.9905829429626465
10,40,-0.30130457878112793
10,41,-0.2812425494194031
10,42,0.32432103157043457
10,43,-0.5014992356300354
10,44,-0.399383544921875
10,45,-0.0325545072555542
10,46,0.28775572776794434
10,47,-0.3716137409210205
10,48,0.09334313869476318
10,49,-0.3159407377243042
10,50,0.5146323442459106
10,51,-0.7686215043067932
10,52,-0.579079270362854
11,0,-0.28072452545166016
11,1,-0.12862980365753174
11,2,0.26421594619750977
11,3,-0.1987454891204834
11,4,-0.1443781852722168
11,5,-0.0848546028137207
11,6,-0.06957244873046875
11,7,1.0972232818603516
11,8,-0.35030031204223633
11,9,1.0470163822174072
11,10,0.1742861270904541
11,11,-2.64310622215271
11,12,2.159576892852783
11,13,1.141892671585083
11,14,0.38296055793762207
11,15,0.2537062168121338
11,16,-0.5034055709838867
11,17,-0.619810938835144
11,18,-0.06939959526062012
11,19,0.5439355373382568
11,20,0.02616572380065918
11,21,-0.07584762573242188
11,22,0.32917308807373047
11,23,-0.08707308769226074
11,24,-0.012225866317749023
11,25,-0.10934662818908691
11,26,0.503532886505127
11,27,-0.03720426559448242
11,28,0.061675310134887695
11,29,-0.366557240486145
11,30,0.5046815872192383
11,31,-0.12040305137634277
11,32,0.6139733791351318
11,33,-0.6031625270843506
11,34,-0.20747292041778564
11,35,0.26622581481933594
11,36,-0.3082619905471802
11,37,-0.39339756965637207
11,38,-0.3193328380584717
11,39,-0.13161611557006836
11,40,-1.0814799070358276
11,41,-0.1867666244506836
11,42,-0.06986546516418457
11,43,0.5255575180053711
11,44,0.16014742851257324
11,45,0.5487360954284668
11,46,-0.43688201904296875
11,47,0.491746187210083
11,48,-0.7454453706741333
11,49,0.30699992179870605
11,50,0.0473783016204834
11,51,-0.32264208793640137
11,52,-0.7429001331329346
12,0,-0.05533742904663086
12,1,-0.1409967541694641
12,2,-0.41429972648620605
12,3,0.28337645530700684
12,4,0.05652213096618652
12,5,-0.5444698333740234
12,6,-0.07930541038513184
12,7,-0.18505406379699707
12,8,-0.4365091323852539
12,9,0.0438542366027832
12,10,0.9272407293319702
12,11,2.1595778465270996
12,12,-2.386617422103882
12,13,1.0846750736236572
12,14,2.931905508041382
12,15,0.4983863830566406
12,16,0.030521154403686523
12,17,-0.19154691696166992
12,18,-0.8191914558410645
12,19,0.3830350637435913
12,20,-0.15895652770996094
12,21,-0.054727792739868164
12,22,-0.43520867824554443
12,23,-0.5403721332550049
12,24,-0.3101983070373535
12,25,-0.42890965938568115
12,26,-0.2889906167984009
12,27,-0.2648310661315918
12,28,-0.11893773078918457
12,29,-0.27096378803253174
12,30,0.1997528076171875
12,31,0.19938695430755615
12,32,0.5101621150970459
12,33,0.2881596088409424
12,34,-0.2600964307785034
12,35,0.41034483909606934
12,36,-0.13386201858520508
12,37,0.12294435501098633
12,38,-0.12454056739807129
12,39,0.44716787338256836
12,40,0.05313396453857422
12,41,-0.20832622051239014
12,42,-0.4666929244995117
12,43,0.015328526496887207
12,44,-0.32759690284729004
12,45,-0.19120919704437256
12,46,-0.23628246784210205
12,47,-0.345718652009964
12,48,-0.23324990272521973
12,49,-0.3073389530181885
12,50,0.011396646499633789
12,51,0.32138729095458984
12,52,-0.01792001724243164
13,0,-0.03019094467163086
13,1,-0.08464586734771729
13,2,0.058541297912597656
13,3,-0.3450336456298828
13,4,0.06416821479797363
13,5,0.14937925338745117
13,6,0.08862900733947754
13,7,0.45468831062316895
13,8,-0.4140077829360962
13,9,0.5352871417999268
13,10,0.571225643157959
13,11,1.141892910003662
13,12,1.0846748352050781
13,13,-3.4690089225769043
13,14,1.9786500930786133
13,15,1.504990816116333
13,16,-0.13741731643676758
13,17,-0.07386112213134766
13,18,-0.8704652786254883
13,19,0.02973651885986328
13,20,-0.5285220146179199
13,21,-0.1888570785522461
13,22,-0.15787553787231445
13,23,-0.7683835029602051
13,24,-0.4637582302093506
13,25,0.2730374336242676
13,26,0.02337634563446045
13,27,-0.4697225093841553
13,28,0.20259737968444824
13,29,-0.6123960018157959
13,30,3.4077157974243164
13,31,-0.4717702865600586
13,32,1.1056897640228271
13,33,0.12542057037353516
13,34,-0.515521764755249
13,35,0.34920215606689453
13,36,-0.1494462490081787
13,37,-0.47135329246520996
13,38,-1.0122392177581787
13,39,-0.7446232438087463
13,40,-0.3585686683654785
13,41,0.8305321931838989
13,42,-0.23884105682373047
13,43,0.2720949649810791
13,44,-0.0986928939819336
13,45,-0.2699000835418701
13,46,-0.6109046936035156
13,47,0.3347412347793579
13,48,-0.2897374629974365
13,49,-0.055025577545166016
13,50,-0.42430591583251953
13,51,0.09323906898498535
13,52,-0.35442423820495605
14,0,0.16143560409545898
14,1,0.14135229587554932
14,2,0.07582759857177734
14,3,-0.371934175491333
14,4,-0.18979215621948242
14,5,-0.26860761642456055
14,6,0.30637383460998535
14,7,0.14840126037597656
14,8,-0.5124044418334961
14,9,0.35960817337036133
14,10,0.4686208963394165
14,11,0.38296079635620117
14,12,2.9319047927856445
14,13,1.9786500930786133
14,14,-3.0577540397644043
14,15,0.63226318359375
14,16,0.5777628421783447
14,17,-0.17937994003295898
14,18,-0.5779256820678711
14,19,-0.7388582229614258
14,20,-0.39520061016082764
14,21,-0.2345597743988037
14,22,-0.4611220359802246
14,23,-0.28586840629577637
14,24,-0.3378279209136963
14,25,-0.3627951145172119
14,26,-0.05824708938598633
14,27,-0.12935972213745117
14,28,-0.05982470512390137
14,29,-0.6018034219741821
14,30,1.4867773056030273
14,31,-0.4628176689147949
14,32,1.8350276947021484
14,33,1.6820378303527832
14,34,-0.2924153804779053
14,35,-0.1567234992980957
14,36,-0.5831495523452759
14,37,-0.854475736618042
14,38,-0.7243390083312988
14,39,-0.0624849796295166
14,40,-0.780958890914917
14,41,1.0138019323349
14,42,0.009875059127807617
14,43,-0.352161169052124
14,44,-0.41338396072387695
14,45,0.12595105171203613
14,46,0.011214256286621094
14,47,0.1559721827507019
14,48,-0.3077843189239502
14,49,-0.40687108039855957
14,50,-0.08578205108642578
14,51,-0.1965017318725586
14,52,0.017288923263549805
15,0,0.3366539478302002
15,1,-0.3682628870010376
15,2,-0.11657309532165527
15,3,-0.511106014251709
15,4,-0.26683759689331055
15,5,-0.09158992767333984
15,6,-0.5355942249298096
15,7,0.6298904418945312
15,8,-0.48303699493408203
15,9,-0.2529613971710205
15,10,-0.32734835147857666
15,11,0.2537062168121338
15,12,0.4983859062194824
15,13,1.5049903392791748
15,14,0.6322629451751709
15,15,-3.2263832092285156
15,16,0.11885404586791992
15,17,0.2554645538330078
15,18,-0.2252941131591797
15,19,0.03763723373413086
15,20,-0.21971607208251953
15,21,-0.5822861194610596
15,22,-0.1209876537322998
15,23,0.7032909393310547
15,24,-0.07822561264038086
15,25,0.13127803802490234
15,26,0.1367822289466858
15,27,0.8858127593994141
15,28,3.1502084732055664
15,29,-0.3958721160888672
15,30,2.5500988960266113
15,31,-0.08649563789367676
15,32,0.27274417877197266
15,33,-0.5760666131973267
15,34,-0.08774757385253906
15,35,-0.7941465377807617
15,36,-0.2646348476409912
15,37,-0.2942652702331543
15,38,-0.9081151485443115
15,39,-0.18956255912780762
15,40,-0.8271455764770508
15,41,-0.3994499444961548
15,42,-0.3661465644836426
15,43,0.16893744468688965
15,44,0.2564568519592285
15,45,0.38384175300598145
15,46,0.07058453559875488
15,47,-0.09148615598678589
15,48,0.12758874893188477
15,49,-0.1671442985534668
15,50,0.10650873184204102
15,51,-0.38013756275177
15,52,0.02263498306274414
16,0,0.1457216739654541
16,1,-0.006929874420166016
16,2,-0.5057744979858398
16,3,-0.1356067657470703
16,4,-0.032219886779785156
16,5,-0.39887261390686035
16,6,-0.5009021759033203
16,7,-0.3672146797180176
16,8,1.4692095518112183
16,9,-0.13835740089416504
16,10,-0.3026379346847534
16,11,-0.5034050941467285
16,12,0.030520915985107422
16,13,-0.13741731643676758
16,14,0.5777633190155029
16,15,0.11885428428649902
16,16,-2.7383573055267334
16,17,-0.777173638343811
16,18,0.5509822368621826
16,19,-0.4479421377182007
16,20,0.3557906150817871
16,21,-0.4703340530395508
16,22,-0.0948486328125
16,23,-0.02278304100036621
16,24,0.16730713844299316
16,25,-0.3894634246826172
16,26,-0.3579080104827881
16,27,-0.30712127685546875
16,28,-0.2420635223388672
16,29,1.206928014755249
16,30,-0.2483384609222412
16,31,0.2999589443206787
16,32,-1.0486738681793213
16,33,0.4684464931488037
16,34,-0.3406566381454468
16,35,-0.036585092544555664
16,36,0.616314172744751
16,37,0.17510342597961426
16,38,0.0901031494140625
16,39,0.40176641941070557
16,40,3.1133174896240234
16,41,-0.4017360210418701
16,42,2.6060078144073486
16,43,-0.07316362857818604
16,44,-0.05896139144897461
16,45,-0.07547330856323242
16,46,0.08658766746520996
16,47,0.062511146068573
16,48,-0.20386004447937012
16,49,-0.439528226852417
16,50,-0.0635530948638916
16,51,0.0746389627456665
16,52,-0.7499682903289795
17,0,-0.24362492561340332
17,1,-0.11991137266159058
17,2,-0.4034808874130249
17,3,0.022997498512268066
17,4,-0.001135706901550293
17,5,-0.2924065589904785
17,6,-0.09406137466430664
17,7,-0.25652265548706055
17,8,-0.012791752815246582
17,9,-0.158707857131958
17,10,0.1789935827255249
17,11,-0.6198107004165649
17,12,-0.19154703617095947
17,13,-0.07386064529418945
17,14,-0.17937982082366943
17,15,0.2554647922515869
17,16,-0.777173638343811
17,17,-1.2723000049591064
17,18,-0.11678934097290039
17,19,0.3804372549057007
17,20,-0.212774395942688
17,21,-0.47924232482910156
17,22,0.1672060489654541
17,23,0.31105899810791016
17,24,0.47005176544189453
17,25,0.28279101848602295
17,26,0.20216646790504456
17,27,-0.327739953994751
17,28,0.6525005102157593
17,29,-0.051025390625
17,30,-0.634614109992981
17,31,0.4481762647628784
17,32,-0.7316439151763916
17,33,-0.39008474349975586
17,34,0.5557690858840942
17,35,-0.03063499927520752
17,36,-0.16022300720214844
17,37,-0.0027559995651245117
17,38,-0.09399032592773438
17,39,0.7948540449142456
17,40,0.20829975605010986
17,41,-0.09705948829650879
17,42,0.214186429977417
17,43,-0.1839282512664795
17,44,1.51224684715271
17,45,-0.29501283168792725
17,46,0.3635963201522827
17,47,-0.1261124312877655
17,48,0.3542616367340088
17,49,0.3802773952484131
17,50,1.1401349306106567
17,51,-0.18424218893051147
17,52,-0.08087706565856934
18,0,0.07748866081237793
18,1,-0.3925705552101135
18,2,0.10500240325927734
18,3,-0.591285228729248
18,4,-0.3156306743621826
18,5,5.917652130126953
18,6,0.05582857131958008
18,7,-0.022333860397338867
18,8,-0.30043840408325195
18,9,0.04026150703430176
18,10,-0.4637751579284668
18,11,-0.06939911842346191
18,12,-0.819191575050354
18,13,-0.8704655170440674
18,14,-0.577925443649292
18,15,-0.22529339790344238
18,16,0.5509819984436035
18,17,-0.11678946018218994
18,18,-2.7610042095184326
18,19,0.7785475254058838
18,20,1.3030388355255127
18,21,-0.33952927589416504
18,22,-0.5172154903411865
18,23,0.15037107467651367
18,24,-0.4218876361846924
18,25,-0.40061211585998535
18,26,0.29216617345809937
18,27,2.2050135135650635
18,28,-0.5558698177337646
18,29,1.4116861820220947
18,30,-0.6688575744628906
18,31,-0.2777169942855835
18,32,-0.3136417865753174
18,33,-0.9544271230697632
18,34,0.04110455513000488
18,35,0.15193462371826172
18,36,0.2757467031478882
18,37,-0.008173942565917969
18,38,-0.36139369010925293
18,39,0.7357916831970215
18,40,0.31597161293029785
18,41,0.5559545755386353
18,42,-0.2997884750366211
18,43,-0.2872685194015503
18,44,-0.36562657356262207
18,45,-0.14253711700439453
18,46,-0.024875640869140625
18,47,-0.18894684314727783
18,48,-0.527320384979248
18,49,-0.6157482862472534
18,50,0.054465532302856445
18,51,0.30589306354522705
18,52,-0.5273561477661133
19,0,-0.2619074583053589
19,1,-0.4556448459625244
19,2,0.16279089450836182
19,3,-0.2676420211791992
19,4,0.38151562213897705
19,5,0.06606817245483398
19,6,-0.0046215057373046875
19,7,-0.024728775024414062
19,8,-0.407204806804657
19,9,-0.40530991554260254
19,10,-0.17316865921020508
19,11,0.5439358949661255
19,12,0.38303494453430176
19,13,0.02973651885986328
19,14,-0.7388582229614258
19,15,0.03763747215270996
19,16,-0.44794225692749023
19,17,0.38043737411499023
19,18,0.7785478830337524
19,19,-1.2115964889526367
19,20,0.5851432085037231
19,21,0.9466874599456787
19,22,0.6604223251342773
19,23,0.2643793821334839
19,24,0.7455720901489258
19,25,-0.579775333404541
19,26,-0.11700484156608582
19,27,-0.3982701301574707
19,28,-0.261202335357666
19,29,0.31469571590423584
19,30,0.03816819190979004
19,31,0.3163764476776123
19,32,-0.6539636850357056
19,33,-0.5811759829521179
19,34,-0.310832142829895
19,35,0.6330183744430542
19,36,-0.648368775844574
19,37,0.2893310785293579
19,38,0.6362639665603638
19,39,-0.4521403908729553
19,40,0.16093873977661133
19,41,-0.5111278891563416
19,42,0.22035682201385498
19,43,0.00680851936340332
19,44,-0.03523814678192139
19,45,-0.3556375503540039
19,46,-0.2292165756225586
19,47,0.2916297912597656
19,48,0.29135358333587646
19,49,-0.32428812980651855
19,50,-0.3747985363006592
19,51,0.6688776016235352
19,52,0.3979405164718628
20,0,-0.2077699899673462
20,1,0.6276332139968872
20,2,-0.3484218120574951
20,3,-0.4572734832763672
20,4,-0.16328859329223633
20,5,-0.12229228019714355
20,6,0.06767082214355469
20,7,-0.23746240139007568
20,8,-0.0039147138595581055
20,9,-0.4858192205429077
20,10,-0.2931779623031616
20,11,0.026165485382080078
20,12,-0.1589571237564087
20,13,-0.5285226106643677
20,14,-0.3952007293701172
20,15,-0.21971607208251953
20,16,0.3557896614074707
20,17,-0.2127746343612671
20,18,1.3030385971069336
20,19,0.5851428508758545
20,20,-1.5634534358978271
20,21,0.3194618225097656
20,22,2.6894173622131348
20,23,1.6597249507904053
20,24,0.4684622287750244
20,25,0.03879225254058838
20,26,-0.22062274813652039
20,27,2.3936357498168945
20,28,-0.09838318824768066
20,29,-0.3253592252731323
20,30,-0.25987887382507324
20,31,-0.19484996795654297
20,32,0.07383346557617188
20,33,0.08819699287414551
20,34,0.483234167098999
20,35,-0.46955347061157227
20,36,-0.07935619354248047
20,37,0.439616322517395
20,38,-0.7655129432678223
20,39,-0.6820573210716248
20,40,-0.8546208143234253
20,41,-0.3721197247505188
20,42,0.01520538330078125
20,43,-0.30480778217315674
20,44,-0.2085573673248291
20,45,0.051549434661865234
20,46,0.11473548412322998
20,47,-0.0908282995223999
20,48,-0.3580516576766968
20,49,-0.0709683895111084
20,50,-0.0751047134399414
20,51,-0.37207287549972534
20,52,-0.6005609035491943
21,0,-0.050116539001464844
21,1,0.17748630046844482
21,2,3.0770270824432373
21,3,0.8132791519165039
21,4,1.6427688598632812
21,5,-0.2861945629119873
21,6,-0.24646997451782227
21,7,0.07434654235839844
21,8,-0.35737526416778564
21,9,-0.6498739719390869
21,10,-0.022684812545776367
21,11,-0.07584762573242188
21,12,-0.054728031158447266
21,13,-0.1888575553894043
21,14,-0.2345600128173828
21,15,-0.5822858810424805
21,16,-0.470334529876709
21,17,-0.47924256324768066
21,18,-0.33952951431274414
21,19,0.9466873407363892
21,20,0.31946229934692383
21,21,-2.6371467113494873
21,22,1.9257433414459229
21,23,0.43067240715026855
21,24,0.8660500049591064
21,25,0.4793567657470703
21,26,-0.3526366651058197
21,27,0.10746169090270996
21,28,-0.1743454933166504
21,29,-0.08215677738189697
21,30,-0.41971659660339355
21,31,-0.4473809003829956
21,32,-0.20476675033569336
21,33,-0.6756600141525269
21,34,0.06334757804870605
21,35,-0.3921825885772705
21,36,-0.06408202648162842
21,37,-0.4788331985473633
21,38,-0.36869120597839355
21,39,0.462365984916687
21,40,-0.6611604690551758
21,41,-0.26584696769714355
21,42,-0.1280195713043213
21,43,-0.4544154405593872
21,44,0.10815882682800293
21,45,-0.4764047861099243
21,46,0.1502242088317871
21,47,0.24963587522506714
21,48,-0.007471561431884766
21,49,0.33949708938598633
21,50,-0.12611651420593262
21,51,0.27238452434539795
21,52,-0.05082368850708008
22,0,-0.22662150859832764
22,1,0.06229215860366821
22,2,0.355726957321167
22,3,0.09418964385986328
22,4,0.5156638622283936
22,5,-0.28936219215393066
22,6,-0.17230701446533203
22,7,-0.012843608856201172
22,8,0.12356162071228027
22,9,-0.36536097526550293
22,10,0.1600404977798462
22,11,0.32917308807373047
22,12,-0.43520915508270264
22,13,-0.15787553787231445
22,14,-0.4611220359802246
22,15,-0.1209874153137207
22,16,-0.0948488712310791
22,17,0.1672060489654541
22,18,-0.5172156095504761
22,19,0.6604225635528564
22,20,2.689418315887451
22,21,1.9257433414459229
22,22,-2.2660603523254395
22,23,1.168677806854248
22,24,0.7412385940551758
22,25,0.26721978187561035
22,26,0.08605283498764038
22,27,0.15694594383239746
22,28,-0.06800675392150879
22,29,0.19270575046539307
22,30,-0.407245397567749
22,31,-0.4473865032196045
22,32,-0.0627751350402832
22,33,-0.32105255126953125
22,34,-0.08610665798187256
22,35,0.026911497116088867
22,36,-0.8900189995765686
22,37,-0.8543537855148315
22,38,0.2731606960296631
22,39,0.15146994590759277
22,40,-0.29651951789855957
22,41,-0.20621871948242188
22,42,-0.026375293731689453
22,43,-0.47675085067749023
22,44,0.21193575859069824
22,45,0.07984364032745361
22,46,-0.07222771644592285
22,47,-0.11745327711105347
22,48,0.20661377906799316
22,49,-0.2161087989807129
22,50,-0.3212912082672119
22,51,-0.3435474634170532
22,52,-0.31296753883361816
23,0,0.2517733573913574
23,1,0.046709537506103516
23,2,0.5407257080078125
23,3,-0.9624093770980835
23,4,-0.3438596725463867
23,5,-0.13206195831298828
23,6,-0.02866220474243164
23,7,-0.5328097343444824
23,8,-0.49320244789123535
23,9,-0.6454286575317383
23,10,0.012757062911987305
23,11,-0.08707284927368164
23,12,-0.5403724908828735
23,13,-0.7683837413787842
23,14,-0.28586864471435547
23,15,0.7032907009124756
23,16,-0.022783279418945312
23,17,0.3110586404800415
23,18,0.15037059783935547
23,19,0.26437926292419434
23,20,1.6597249507904053
23,21,0.43067193031311035
23,22,1.1686770915985107
23,23,-2.644129991531372
23,24,0.4567251205444336
23,25,2.0133614540100098
23,26,-0.11926823854446411
23,27,4.149073600769043
23,28,-0.2990877628326416
23,29,-0.2152862548828125
23,30,0.5697164535522461
23,31,-0.5753918886184692
23,32,-0.6475491523742676
23,33,-0.3716164827346802
23,34,-0.20088422298431396
23,35,-0.2582981586456299
23,36,0.3162137269973755
23,37,-0.4285457134246826
23,38,-0.5310842990875244
23,39,-0.3540797233581543
23,40,-0.9873982667922974
23,41,-0.24016404151916504
23,42,-0.4406566619873047
23,43,-0.024386167526245117
23,44,0.5345690250396729
23,45,-0.013859272003173828
23,46,0.0015327930450439453
23,47,0.06460732221603394
23,48,0.1814582347869873
23,49,0.11089563369750977
23,50,-0.44233036041259766
23,51,-0.24859315156936646
23,52,-0.052771568298339844
24,0,-0.4660547971725464
24,1,-0.36720937490463257
24,2,0.8290894031524658
24,3,0.247084379196167
24,4,0.27771902084350586
24,5,-0.5725212097167969
24,6,0.3397088050842285
24,7,0.043068647384643555
24,8,0.29554879665374756
24,9,-0.26569533348083496
24,10,0.3086729049682617
24,11,-0.012225627899169922
24,12,-0.3101987838745117
24,13,-0.4637589454650879
24,14,-0.3378279209136963
24,15,-0.07822537422180176
24,16,0.16730666160583496
24,17,0.4700518846511841
24,18,-0.4218883514404297
24,19,0.7455717325210571
24,20,0.4684624671936035
24,21,0.8660495281219482
24,22,0.7412388324737549
24,23,0.4567248821258545
24,24,-2.609915018081665
24,25,1.2517292499542236
24,26,0.46577394008636475
24,27,0.33860254287719727
24,28,-0.04438185691833496
24,29,0.3163628578186035
24,30,0.03871583938598633
24,31,-0.3900562524795532
24,32,-0.027161359786987305
24,33,-0.523234486579895
24,34,-0.7979888916015625
24,35,-0.19912362098693848
24,36,-0.8057713508605957
24,37,-0.686082124710083
24,38,-0.12706446647644043
24,39,-0.2242041826248169
24,40,-0.6481049060821533
24,41,0.28581225872039795
24,42,-0.3614535331726074
24,43,-0.0001442432403564453
24,44,-0.4325432777404785
24,45,0.3209671974182129
24,46,0.39127182960510254
24,47,-0.10502427816390991
24,48,-0.092254638671875
24,49,0.420412540435791
24,50,0.361652135848999
24,51,-0.4161719083786011
24,52,1.3386805057525635
25,0,-0.46827101707458496
25,1,-0.15460985898971558
25,2,0.8039746284484863
25,3,-0.13474392890930176
25,4,-0.10332751274108887
25,5,-0.2676277160644531
25,6,0.09121227264404297
25,7,-0.5479179620742798
25,8,-0.5891305804252625
25,9,-0.1917891502380371
25,10,0.04313766956329346
25,11,-0.10934662818908691
25,12,-0.4289100170135498
25,13,0.2730374336242676
25,14,-0.3627955913543701
25,15,0.13127803802490234
25,16,-0.3894634246826172
25,17,0.2827908992767334
25,18,-0.40061235427856445
25,19,-0.579775333404541
25,20,0.03879225254058838
25,21,0.4793567657470703
25,22,0.26721954345703125
25,23,2.013361692428589
25,24,1.2517292499542236
25,25,-2.349884271621704
25,26,0.25478971004486084
25,27,1.683957815170288
25,28,-0.007364034652709961
25,29,-0.5903751850128174
25,30,0.009145021438598633
25,31,-0.14274466037750244
25,32,0.2709238529205322
25,33,-0.26317620277404785
25,34,-0.3346121311187744
25,35,0.01950550079345703
25,36,-0.045729994773864746
25,37,-0.5863865613937378
25,38,-0.07026290893554688
25,39,-0.03584921360015869
25,40,-0.3037538528442383
25,41,-0.39090633392333984
25,42,-0.593071460723877
25,43,0.17242050170898438
25,44,1.1531474590301514
25,45,0.20144248008728027
25,46,-0.6697516441345215
25,47,-0.03540569543838501
25,48,1.1651175022125244
25,49,-0.14638757705688477
25,50,0.39089298248291016
25,51,-0.06781566143035889
25,52,0.3645596504211426
26,0,0.03550982475280762
26,1,0.20448991656303406
26,2,-0.11360907554626465
26,3,0.0018087029457092285
26,4,-0.01599019765853882
26,5,-0.17656219005584717
26,6,-0.06284815073013306
26,7,0.16857439279556274
26,8,0.3476659059524536
26,9,0.06186389923095703
26,10,-0.1465476155281067
26,11,0.5035334825515747
26,12,-0.2889908254146576
26,13,0.023376405239105225
26,14,-0.05824702978134155
26,15,0.13678210973739624
26,16,-0.3579081892967224
26,17,0.20216616988182068
26,18,0.29216569662094116
26,19,-0.11700490117073059
26,20,-0.22062265872955322
26,21,-0.3526368737220764
26,22,0.08605307340621948
26,23,-0.11926841735839844
26,24,0.4657741189002991
26,25,0.25478965044021606
26,26,-0.18198692798614502
26,27,-0.03703433275222778
26,28,0.18937110900878906
26,29,-0.36644065380096436
26,30,-0.24540060758590698
26,31,-0.33355993032455444
26,32,-0.3604927361011505
26,33,0.04262673854827881
26,34,-0.352375328540802
26,35,-0.2384842038154602
26,36,-0.14765673875808716
26,37,0.015224575996398926
26,38,-0.21488481760025024
26,39,-0.040528327226638794
26,40,-0.10296261310577393
26,41,0.31038546562194824
26,42,0.10208278894424438
26,43,0.3182923197746277
26,44,0.030789673328399658
26,45,0.046035051345825195
26,46,-0.0857202410697937
26,47,0.29225054383277893
26,48,-0.17227953672409058
26,49,-0.02556544542312622
26,50,0.16940873861312866
26,51,0.41326457262039185
26,52,0.22132277488708496
27,0,-0.5830130577087402
27,1,-0.08237934112548828
27,2,-0.23871064186096191
27,3,0.3251943588256836
27,4,-0.17131423950195312
27,5,0.4730827808380127
27,6,-0.21052312850952148
27,7,-0.15842175483703613
27,8,-0.03325998783111572
27,9,-0.7297711372375488
27,10,-0.5474017858505249
27,11,-0.03720450401306152
27,12,-0.2648317813873291
27,13,-0.4697229862213135
27,14,-0.12936019897460938
27,15,0.8858122825622559
27,16,-0.30712151527404785
27,17,-0.3277400732040405
27,18,2.205012321472168
27,19,-0.39827024936676025
27,20,2.3936357498168945
27,21,0.10746192932128906
27,22,0.15694618225097656
27,23,4.149073600769043
27,24,0.33860278129577637
27,25,1.683957815170288
27,26,-0.03703463077545166
27,27,-3.2305238246917725
27,28,1.3424382209777832
27,29,-0.8129619359970093
27,30,1.4591472148895264
27,31,-0.6561934947967529
27,32,-0.8078186511993408
27,33,-0.0877373218536377
27,34,-0.2881953716278076
27,35,-0.37013745307922363
27,36,-0.45027947425842285
27,37,-0.9484618902206421
27,38,-0.45357680320739746
27,39,-0.5430147647857666
27,40,-0.7327454090118408
27,41,-0.21028661727905273
27,42,-0.5648133754730225
27,43,0.029271602630615234
27,44,0.2520482540130615
27,45,0.197068452835083
27,46,-0.03863263130187988
27,47,-0.17668169736862183
27,48,0.22704625129699707
27,49,-0.33486175537109375
27,50,-0.22863531112670898
27,51,0.02548384666442871
27,52,-0.5896565914154053
28,0,-0.42698895931243896
28,1,0.29867303371429443
28,2,-0.34174418449401855
28,3,-0.04747748374938965
28,4,-0.2080979347229004
28,5,0.061322689056396484
28,6,0.07078790664672852
28,7,0.4801969528198242
28,8,-0.19925153255462646
28,9,-0.4280998706817627
28,10,-0.5190002918243408
28,11,0.0616755485534668
28,12,-0.11893773078918457
28,13,0.20259714126586914
28,14,-0.05982494354248047
28,15,3.1502087116241455
28,16,-0.2420635223388672
28,17,0.6525002717971802
28,18,-0.555870532989502
28,19,-0.26120245456695557
28,20,-0.09838318824768066
28,21,-0.1743452548980713
28,22,-0.06800675392150879
28,23,-0.2990875244140625
28,24,-0.04438161849975586
28,25,-0.007363557815551758
28,26,0.18937093019485474
28,27,1.3424384593963623
28,28,-2.985182285308838
28,29,0.886796236038208
28,30,1.6677765846252441
28,31,0.2682802677154541
28,32,0.18914413452148438
28,33,0.14539694786071777
28,34,-0.5031285285949707
28,35,-0.8326904773712158
28,36,0.16371631622314453
28,37,-0.12622404098510742
28,38,-0.38200831413269043
28,39,-0.1929999589920044
28,40,0.1699814796447754
28,41,-0.10891222953796387
28,42,-0.1367638111114502
28,43,0.1283566951751709
28,44,0.4945659637451172
28,45,-0.4114105701446533
28,46,-0.3986978530883789
28,47,-0.09994810819625854
28,48,0.16060662269592285
28,49,-0.02665877342224121
28,50,0.0011372566223144531
28,51,-0.09521245956420898
28,52,-0.3855757713317871
29,0,-0.6599946618080139
29,1,-0.46290114521980286
29,2,-0.3635755777359009
29,3,-0.5319352149963379
29,4,-0.6261589527130127
29,5,1.0341808795928955
29,6,-0.02980673313140869
29,7,0.34774327278137207
29,8,0.8596134185791016
29,9,-0.263924241065979
29,10,-0.272930383682251
29,11,-0.366557240486145
29,12,-0.2709641456604004
29,13,-0.6123965978622437
29,14,-0.6018037796020508
29,15,-0.3958718776702881
29,16,1.206928014755249
29,17,-0.05102527141571045
29,18,1.4116852283477783
29,19,0.31469571590423584
29,20,-0.3253589868545532
29,21,-0.08215665817260742
29,22,0.19270598888397217
29,23,-0.2152862548828125
29,24,0.3163633346557617
29,25,-0.5903751850128174
29,26,-0.36644065380096436
29,27,-0.8129618167877197
29,28,0.8867959976196289
29,29,-1.4898872375488281
29,30,0.1721177101135254
29,31,1.1154180765151978
29,32,-0.17184233665466309
29,33,0.9694645404815674
29,34,0.2970151901245117
29,35,0.3318977355957031
29,36,0.6767520904541016
29,37,1.099241018295288
29,38,-0.005980491638183594
29,39,-0.5140690207481384
29,40,0.7573795318603516
29,41,-0.3203573226928711
29,42,0.6236627101898193
29,43,-0.49031949043273926
29,44,-0.3782229423522949
29,45,-0.5487372875213623
29,46,-0.20340204238891602
29,47,-0.1249881386756897
29,48,-0.5997267961502075
29,49,-0.37246930599212646
29,50,-0.44853079319000244
29,51,1.299696445465088
29,52,-0.3423992395401001
30,0,-0.07740354537963867
30,1,-0.23668944835662842
30,2,-0.5882351398468018
30,3,-0.9592556953430176
30,4,-0.4706845283508301
30,5,0.514946699142456
30,6,-0.18257641792297363
30,7,0.6258790493011475
30,8,-0.28797268867492676
30,9,-0.4492669105529785
30,10,-0.0029058456420898438
30,11,0.5046818256378174
30,12,0.1997523307800293
30,13,3.4077157974243164
30,14,1.4867768287658691
30,15,2.5500991344451904
30,16,-0.2483386993408203
30,17,-0.6346142292022705
30,18,-0.6688582897186279
30,19,0.03816819190979004
30,20,-0.25987815856933594
30,21,-0.41971659660339355
30,22,-0.4072456359863281
30,23,0.5697169303894043
30,24,0.03871607780456543
30,25,0.009144783020019531
30,26,-0.2454005479812622
30,27,1.4591479301452637
30,28,1.667776107788086
30,29,0.1721184253692627
30,30,-4.015508651733398
30,31,-0.0828850269317627
30,32,1.9078559875488281
30,33,0.23906278610229492
30,34,0.05578327178955078
30,35,-0.19142651557922363
30,36,-0.6966264247894287
30,37,-0.20443439483642578
30,38,-0.6406266689300537
30,39,-0.45407259464263916
30,40,-0.23307371139526367
30,41,-0.5401550531387329
30,42,-0.7745308876037598
30,43,-0.34148430824279785
30,44,-0.1234273910522461
30,45,-0.10514187812805176
30,46,-0.6333873271942139
30,47,-0.32445985078811646
30,48,-0.03389239311218262
30,49,0.2865874767303467
30,50,0.4224822521209717
30,51,-0.2754632234573364
30,52,-0.3467705249786377
31,0,0.013243317604064941
31,1,0.10597628355026245
31,2,-0.6080092191696167
31,3,-0.4285327196121216
31,4,0.3122107982635498
31,5,-0.4814873933792114
31,6,-0.4460488557815552
31,7,-0.157623291015625
31,8,0.5553051233291626
31,9,0.33186864852905273
31,10,0.09767389297485352
31,11,-0.12040269374847412
31,12,0.19938695430755615
31,13,-0.47177040576934814
31,14,-0.4628176689147949
31,15,-0.08649539947509766
31,16,0.2999591827392578
31,17,0.4481757879257202
31,18,-0.2777172327041626
31,19,0.3163764476776123
31,20,-0.19484972953796387
31,21,-0.4473809003829956
31,22,-0.4473865032196045
31,23,-0.5753915309906006
31,24,-0.39005589485168457
31,25,-0.1427445411682129
31,26,-0.33355987071990967
31,27,-0.6561933755874634
31,28,0.2682802677154541
31,29,1.1154179573059082
31,30,-0.0828850269317627
31,31,-1.5358610153198242
31,32,0.6778090000152588
31,33,2.4160499572753906
31,34,0.9545726776123047
31,35,0.4949452877044678
31,36,1.564680814743042
31,37,0.6195907592773438
31,38,0.046253204345703125
31,39,0.7357820272445679
31,40,1.4169182777404785
31,41,-0.15118849277496338
31,42,-0.5144473314285278
31,43,-0.328621506690979
31,44,-0.304723858833313
31,45,-0.6316421031951904
31,46,-0.36782383918762207
31,47,-0.18777400255203247
31,48,-0.5479648113250732
31,49,-0.2971668243408203
31,50,-0.3531615734100342
31,51,-0.5026847124099731
31,52,-0.45606493949890137
32,0,0.2088174819946289
32,1,-0.226362943649292
32,2,-0.14650774002075195
32,3,-0.7484047412872314
32,4,-0.35729455947875977
32,5,-0.16397380828857422
32,6,0.33496570587158203
32,7,1.9293766021728516
32,8,0.2976111173629761
32,9,1.8238375186920166
32,10,0.2297379970550537
32,11,0.61397385597229
32,12,0.5101625919342041
32,13,1.1056897640228271
32,14,1.8350281715393066
32,15,0.27274513244628906
32,16,-1.048673391342163
32,17,-0.7316439151763916
32,18,-0.3136417865753174
32,19,-0.6539633274078369
32,20,0.07383441925048828
32,21,-0.20476675033569336
32,22,-0.0627748966217041
32,23,-0.6475486755371094
32,24,-0.0271608829498291
32,25,0.27092456817626953
32,26,-0.3604925870895386
32,27,-0.8078184127807617
32,28,0.18914413452148438
32,29,-0.17184138298034668
32,30,1.9078559875488281
32,31,0.6778092384338379
32,32,-3.4427406787872314
32,33,0.132157564163208
32,34,1.522533655166626
32,35,0.6095278263092041
32,36,0.3611447811126709
32,37,0.32941532135009766
32,38,0.05474352836608887
32,39,-0.2721824645996094
32,40,-0.750136137008667
32,41,-0.24594521522521973
32,42,-0.33345890045166016
32,43,-0.5890532732009888
32,44,-0.17823505401611328
32,45,-0.19995427131652832
32,46,-0.5525362491607666
32,47,-0.27964234352111816
32,48,-0.5450625419616699
32,49,0.07123422622680664
32,50,-0.630307674407959
32,51,-0.11606132984161377
32,52,-0.5540738105773926
33,0,-0.14634907245635986
33,1,-0.18155676126480103
33,2,-0.4829202890396118
33,3,-0.10522007942199707
33,4,-0.1367807388305664
33,5,-0.12905597686767578
33,6,-0.41114866733551025
33,7,0.251375675201416
33,8,1.5458611249923706
33,9,-0.26289689540863037
33,10,-0.05336201190948486
33,11,-0.6031622886657715
33,12,0.2881596088409424
33,13,0.12542057037353516
33,14,1.6820392608642578
33,15,-0.5760661363601685
33,16,0.4684467315673828
33,17,-0.39008474349975586
33,18,-0.9544268846511841
33,19,-0.5811757445335388
33,20,0.08819758892059326
33,21,-0.6756594181060791
33,22,-0.3210526704788208
33,23,-0.3716161251068115
33,24,-0.5232341289520264
33,25,-0.26317572593688965
33,26,0.04262685775756836
33,27,-0.0877373218536377
33,28,0.14539670944213867
33,29,0.969464898109436
33,30,0.23906230926513672
33,31,2.4160499572753906
33,32,0.1321578025817871
33,33,-1.4324606657028198
33,34,0.39187729358673096
33,35,0.27962708473205566
33,36,0.6733648777008057
33,37,0.2801469564437866
33,38,-0.3143719434738159
33,39,-0.2721572518348694
33,40,-0.100807785987854
33,41,-0.5478896498680115
33,42,-0.5845863819122314
33,43,0.47977352142333984
33,44,0.1471482515335083
33,45,0.05274832248687744
33,46,0.13231027126312256
33,47,-0.4332014322280884
33,48,0.15200674533843994
33,49,1.0013679265975952
33,50,-0.21707236766815186
33,51,-0.3891614079475403
33,52,-0.4362379312515259
34,0,-0.09260284900665283
34,1,0.2386588454246521
34,2,-0.24886763095855713
34,3,-0.7127689123153687
34,4,-0.6396853923797607
34,5,-0.5446646213531494
34,6,-0.044042348861694336
34,7,-0.6489921808242798
34,8,0.057169318199157715
34,9,-0.006512880325317383
34,10,5.333087921142578
34,11,-0.2074730396270752
34,12,-0.2600969076156616
34,13,-0.5155223608016968
34,14,-0.2924153804779053
34,15,-0.08774709701538086
34,16,-0.3406566381454468
34,17,0.5557688474655151
34,18,0.04110431671142578
34,19,-0.310832142829895
34,20,0.4832342863082886
34,21,0.06334781646728516
34,22,-0.08610689640045166
34,23,-0.2008836269378662
34,24,-0.7979891300201416
34,25,-0.3346123695373535
34,26,-0.352375328540802
34,27,-0.2881951332092285
34,28,-0.5031285285949707
34,29,0.29701507091522217
34,30,0.055782318115234375
34,31,0.9545729160308838
34,32,1.5225329399108887
34,33,0.39187705516815186
34,34,-1.779748797416687
34,35,1.0720932483673096
34,36,0.8908997774124146
34,37,-0.0072743892669677734
34,38,0.5207641124725342
34,39,-0.7375938892364502
34,40,0.04526162147521973
34,41,0.09678995609283447
34,42,0.07703685760498047
34,43,-0.569777250289917
34,44,0.10737276077270508
34,45,-0.3161957263946533
34,46,0.013829588890075684
34,47,-0.0766150951385498
34,48,-0.2534235715866089
34,49,-0.35492217540740967
34,50,-0.6705397367477417
34,51,-0.27819252014160156
34,52,-0.2577533721923828
35,0,-0.209128737449646
35,1,0.18797743320465088
35,2,-0.16661572456359863
35,3,-0.1965806484222412
35,4,-0.05651712417602539
35,5,-0.5490031242370605
35,6,0.625706672668457
35,7,-0.512702465057373
35,8,0.20347261428833008
35,9,1.9095451831817627
35,10,0.2992396354675293
35,11,0.26622629165649414
35,12,0.41034460067749023
35,13,0.34920239448547363
35,14,-0.1567237377166748
35,15,-0.7941460609436035
35,16,-0.03658556938171387
35,17,-0.03063499927520752
35,18,0.15193438529968262
35,19,0.6330186128616333
35,20,-0.4695533514022827
35,21,-0.3921823501586914
35,22,0.026911258697509766
35,23,-0.2582981586456299
35,24,-0.19912314414978027
35,25,0.019505739212036133
35,26,-0.2384842336177826
35,27,-0.37013697624206543
35,28,-0.8326902389526367
35,29,0.3318979740142822
35,30,-0.19142651557922363
35,31,0.4949452877044678
35,32,0.6095273494720459
35,33,0.27962684631347656
35,34,1.0720932483673096
35,35,-2.7076966762542725
35,36,0.7040063142776489
35,37,0.3451273441314697
35,38,0.24414849281311035
35,39,-0.26855576038360596
35,40,-0.30295610427856445
35,41,-0.05567789077758789
35,42,0.1531844139099121
35,43,0.044138431549072266
35,44,-0.5974395275115967
35,45,-0.0303652286529541
35,46,0.3104393482208252
35,47,-0.16878926753997803
35,48,0.8108093738555908
35,49,-0.06835174560546875
35,50,-0.07511568069458008
35,51,-0.031523704528808594
35,52,-0.5160200595855713
36,0,-0.1257098913192749
36,1,0.3995252847671509
36,2,-0.7659173011779785
36,3,0.28248071670532227
36,4,-0.23597228527069092
36,5,0.006186008453369141
36,6,1.6892246007919312
36,7,-0.6052790880203247
36,8,0.34342098236083984
36,9,0.28029394149780273
36,10,-0.03162813186645508
36,11,-0.3082617521286011
36,12,-0.13386237621307373
36,13,-0.1494460105895996
36,14,-0.5831488370895386
36,15,-0.2646346092224121
36,16,0.6163147687911987
36,17,-0.16022300720214844
36,18,0.2757471799850464
36,19,-0.6483685970306396
36,20,-0.07935583591461182
36,21,-0.06408143043518066
36,22,-0.8900188207626343
36,23,0.31621456146240234
36,24,-0.8057708740234375
36,25,-0.045729637145996094
36,26,-0.1476566195487976
36,27,-0.450278639793396
36,28,0.16371655464172363
36,29,0.6767529249191284
36,30,-0.696625828742981
36,31,1.5646809339523315
36,32,0.3611452579498291
36,33,0.6733649969100952
36,34,0.890899658203125
36,35,0.7040066719055176
36,36,-1.4275258779525757
36,37,1.292677640914917
36,38,-0.09534573554992676
36,39,-0.02145397663116455
36,40,2.2506580352783203
36,41,-0.020192980766296387
36,42,-0.3333590030670166
36,43,-0.3511791229248047
36,44,-0.5032663345336914
36,45,-0.38110971450805664
36,46,-0.2959061861038208
36,47,-0.19828349351882935
36,48,-0.187544584274292
36,49,-0.3755075931549072
36,50,-0.8582464456558228
36,51,0.014359593391418457
36,52,-0.5607688426971436
37,0,0.8276761770248413
37,1,-0.032816410064697266
37,2,-0.37730348110198975
37,3,1.3846921920776367
37,4,-0.01359570026397705
37,5,1.0566585063934326
37,6,0.4154629707336426
37,7,-0.6501128673553467
37,8,1.2294385433197021
37,9,-0.2895013093948364
37,10,-0.26862478256225586
37,11,-0.39339733123779297
37,12,0.12294411659240723
37,13,-0.47135353088378906
37,14,-0.8544759750366211
37,15,-0.2942652702331543
37,16,0.17510294914245605
37,17,-0.002756476402282715
37,18,-0.008173942565917969
37,19,0.2893306016921997
37,20,0.4396160840988159
37,21,-0.47883307933807373
37,22,-0.8543539047241211
37,23,-0.42854583263397217
37,24,-0.686082124710083
37,25,-0.5863866806030273
37,26,0.015224695205688477
37,27,-0.9484618902206421
37,28,-0.12622475624084473
37,29,1.0992411375045776
37,30,-0.20443487167358398
37,31,0.6195906400680542
37,32,0.32941460609436035
37,33,0.2801464796066284
37,34,-0.007274627685546875
37,35,0.3451271057128906
37,36,1.292677640914917
37,37,-1.952545166015625
37,38,1.1978199481964111
37,39,1.3570411205291748
37,40,2.061479091644287
37,41,0.03732609748840332
37,42,-0.4545767307281494
37,43,-0.12543106079101562
37,44,-1.0758978128433228
37,45,0.08614814281463623
37,46,-0.6887772083282471
37,47,-0.16474545001983643
37,48,-0.8174785375595093
37,49,-0.21769237518310547
37,50,-0.7846975326538086
37,51,0.03979694843292236
37,52,-0.44314706325531006
38,0,1.580810308456421
38,1,0.2841991186141968
38,2,0.4284355640411377
38,3,2.428826332092285
38,4,0.00644993782043457
38,5,-1.1869302988052368
38,6,-0.14632296562194824
38,7,0.10858988761901855
38,8,-0.412524938583374
38,9,0.0973207950592041
38,10,0.5131640434265137
38,11,-0.3193318843841553
38,12,-0.12454056739807129
38,13,-1.0122387409210205
38,14,-0.7243387699127197
38,15,-0.9081144332885742
38,16,0.0901026725769043
38,17,-0.09398996829986572
38,18,-0.3613932132720947
38,19,0.6362642049789429
38,20,-0.7655121088027954
38,21,-0.36869072914123535
38,22,0.2731606960296631
38,23,-0.5310838222503662
38,24,-0.12706422805786133
38,25,-0.07026267051696777
38,26,-0.21488463878631592
38,27,-0.45357608795166016
38,28,-0.38200807571411133
38,29,-0.005980491638183594
38,30,-0.6406259536743164
38,31,0.04625368118286133
38,32,0.05474376678466797
38,33,-0.31437182426452637
38,34,0.5207643508911133
38,35,0.24414873123168945
38,36,-0.09534585475921631
38,37,1.1978206634521484
38,38,-3.012165069580078
38,39,0.4410710334777832
38,40,1.2997174263000488
38,41,0.13775277137756348
38,42,0.31511569023132324
38,43,0.08218550682067871
38,44,0.19383931159973145
38,45,-0.11927533149719238
38,46,0.7980654239654541
38,47,0.040240466594696045
38,48,0.44875240325927734
38,49,-0.5211350917816162
38,50,0.799452543258667
38,51,-0.03630340099334717
38,52,-0.11924099922180176
39,0,0.07342886924743652
39,1,-0.4361244738101959
39,2,-0.27198827266693115
39,3,0.4780350923538208
39,4,0.23653995990753174
39,5,0.2653459310531616
39,6,-0.11513197422027588
39,7,-0.18103837966918945
39,8,0.29662907123565674
39,9,0.45131659507751465
39,10,-0.9905828237533569
39,11,-0.13161611557006836
39,12,0.4471677541732788
39,13,-0.7446232438087463
39,14,-0.0624852180480957
39,15,-0.18956232070922852
39,16,0.4017665386199951
39,17,0.7948540449142456
39,18,0.7357921600341797
39,19,-0.4521404504776001
39,20,-0.6820569038391113
39,21,0.46236634254455566
39,22,0.15147030353546143
39,23,-0.35407936573028564
39,24,-0.22420406341552734
39,25,-0.03584933280944824
39,26,-0.04052823781967163
39,27,-0.5430145263671875
39,28,-0.1929999589920044
39,29,-0.5140689611434937
39,30,-0.45407259464263916
39,31,0.7357823848724365
39,32,-0.2721824645996094
39,33,-0.27215737104415894
39,34,-0.7375936508178711
39,35,-0.26855576038360596
39,36,-0.021454215049743652
39,37,1.357041358947754
39,38,0.44107067584991455
39,39,-0.7918683290481567
39,40,3.142571449279785
39,41,-0.3844831585884094
39,42,0.05413961410522461
39,43,-0.3424428701400757
39,44,0.25518524646759033
39,45,-0.22657644748687744
39,46,0.005160927772521973
39,47,-0.06982475519180298
39,48,0.1266869306564331
39,49,-0.3731340765953064
39,50,-0.26089048385620117
39,51,-0.48149049282073975
39,52,0.20647120475769043
40,0,-0.6214994192123413
40,1,0.06839179992675781
40,2,-1.0952883958816528
40,3,0.079010009765625
40,4,-0.2507669925689697
40,5,-0.3176078796386719
40,6,0.1045982837677002
40,7,-0.7883145809173584
40,8,0.18223345279693604
40,9,-0.1110525131225586
40,10,-0.3013049364089966
40,11,-1.0814801454544067
40,12,0.053133487701416016
40,13,-0.3585691452026367
40,14,-0.7809593677520752
40,15,-0.8271453380584717
40,16,3.1133179664611816
40,17,0.20829927921295166
40,18,0.31597113609313965
40,19,0.16093873977661133
40,20,-0.8546206951141357
40,21,-0.6611607074737549
40,22,-0.29651975631713867
40,23,-0.9873985052108765
40,24,-0.6481049060821533
40,25,-0.3037536144256592
40,26,-0.10296237468719482
40,27,-0.7327454090118408
40,28,0.1699817180633545
40,29,0.7573797702789307
40,30,-0.23307394981384277
40,31,1.4169178009033203
40,32,-0.7501368522644043
40,33,-0.10080814361572266
40,34,0.04526114463806152
40,35,-0.30295610427856445
40,36,2.2506589889526367
40,37,2.061479091644287
40,38,1.2997171878814697
40,39,3.142570972442627
40,40,-2.7436931133270264
40,41,0.41188812255859375
40,42,1.4301495552062988
40,43,-0.14158034324645996
40,44,-0.31914567947387695
40,45,-0.7156274318695068
40,46,0.014418840408325195
40,47,-0.1919260025024414
40,48,-0.6520335674285889
40,49,0.029213905334472656
40,50,-0.20664238929748535
40,51,-0.12417459487915039
40,52,0.28751683235168457
41,0,0.7620364427566528
41,1,-0.00734943151473999
41,2,-0.22434759140014648
41,3,2.276184558868408
41,4,0.19917356967926025
41,5,-0.4187040328979492
41,6,-0.010660171508789062
41,7,-0.18472027778625488
41,8,0.06032562255859375
41,9,0.3803107738494873
41,10,-0.28124290704727173
41,11,-0.18676650524139404
41,12,-0.20832669734954834
41,13,0.8305315971374512
41,14,1.0138015747070312
41,15,-0.39945006370544434
41,16,-0.40173661708831787
41,17,-0.09705972671508789
41,18,0.5559544563293457
41,19,-0.5111279487609863
41,20,-0.3721197843551636
41,21,-0.2658470869064331
41,22,-0.20621907711029053
41,23,-0.2401639223098755
41,24,0.28581273555755615
41,25,-0.39090681076049805
41,26,0.31038564443588257
41,27,-0.21028661727905273
41,28,-0.10891258716583252
41,29,-0.32035714387893677
41,30,-0.5401555299758911
41,31,-0.15118873119354248
41,32,-0.24594557285308838
41,33,-0.547890305519104
41,34,0.09679007530212402
41,35,-0.05567765235900879
41,36,-0.02019321918487549
41,37,0.03732645511627197
41,38,0.13775253295898438
41,39,-0.384483277797699
41,40,0.41188788414001465
41,41,-0.9452725052833557
41,42,1.233026385307312
41,43,0.05587637424468994
41,44,-0.0416795015335083
41,45,0.4605668783187866
41,46,-0.06637394428253174
41,47,-0.13725566864013672
41,48,-0.6122047305107117
41,49,-0.28271567821502686
41,50,0.8440954685211182
41,51,-0.49632251262664795
41,52,-0.3781803846359253
42,0,-0.1763451099395752
42,1,-0.5948008298873901
42,2,0.34421610832214355
42,3,0.2405998706817627
42,4,-0.583904504776001
42,5,-0.203995943069458
42,6,0.1954042911529541
42,7,0.08698701858520508
42,8,-0.0286024808883667
42,9,-0.15025091171264648
42,10,0.3243215084075928
42,11,-0.06986474990844727
42,12,-0.4666926860809326
42,13,-0.23884034156799316
42,14,0.009875297546386719
42,15,-0.3661458492279053
42,16,2.6060078144073486
42,17,0.2141861915588379
42,18,-0.2997884750366211
42,19,0.22035694122314453
42,20,0.015206098556518555
42,21,-0.12801909446716309
42,22,-0.02637505531311035
42,23,-0.4406564235687256
42,24,-0.3614532947540283
42,25,-0.5930712223052979
42,26,0.10208326578140259
42,27,-0.564812421798706
42,28,-0.1367635726928711
42,29,0.6236634254455566
42,30,-0.7745306491851807
42,31,-0.5144468545913696
42,32,-0.33345890045166016
42,33,-0.5845867395401001
42,34,0.07703685760498047
42,35,0.1531846523284912
42,36,-0.33335959911346436
42,37,-0.4545764923095703
42,38,0.31511545181274414
42,39,0.05414009094238281
42,40,1.4301507472991943
42,41,1.2330269813537598
42,42,-3.2304327487945557
42,43,0.6165759563446045
42,44,0.3066368103027344
42,45,0.5872178077697754
42,46,1.4697115421295166
42,47,0.13996315002441406
42,48,-0.30948591232299805
42,49,0.5383384227752686
42,50,0.4825739860534668
42,51,-0.13972043991088867
42,52,-0.2815978527069092
43,0,-0.3599327802658081
43,1,-0.2666885256767273
43,2,-0.12770068645477295
43,3,0.06900978088378906
43,4,0.44042086601257324
43,5,-0.08751583099365234
43,6,-0.10720765590667725
43,7,-0.19753456115722656
43,8,-0.19229161739349365
43,9,-0.09650802612304688
43,10,-0.5014992356300354
43,11,0.5255577564239502
43,12,0.015328288078308105
43,13,0.2720949649810791
43,14,-0.3521612882614136
43,15,0.16893792152404785
43,16,-0.07316362857818604
43,17,-0.1839282512664795
43,18,-0.28726863861083984
43,19,0.00680851936340332
43,20,-0.3048074245452881
43,21,-0.4544152021408081
43,22,-0.47675108909606934
43,23,-0.024386048316955566
43,24,-0.00014400482177734375
43,25,0.17242074012756348
43,26,0.3182920813560486
43,27,0.029272079467773438
43,28,0.12835693359375
43,29,-0.49031949043273926
43,30,-0.34148430824279785
43,31,-0.328621506690979
43,32,-0.589053750038147
43,33,0.4797734022140503
43,34,-0.569777250289917
43,35,0.044138431549072266
43,36,-0.3511795997619629
43,37,-0.12543070316314697
43,38,0.08218526840209961
43,39,-0.3424428701400757
43,40,-0.1415802240371704
43,41,0.05587637424468994
43,42,0.6165759563446045
43,43,-1.5171571969985962
43,44,0.5466762781143188
43,45,0.8249895572662354
43,46,2.722548246383667
43,47,0.7752652764320374
43,48,0.7759606838226318
43,49,-0.06129014492034912
43,50,0.011234283447265625
43,51,-0.07220131158828735
43,52,-0.05727529525756836
44,0,-0.8472476005554199
44,1,-0.3104245066642761
44,2,-0.033247947692871094
44,3,-0.15338420867919922
44,4,-0.4883725643157959
44,5,-0.3221125602722168
44,6,-0.3482682704925537
44,7,-0.22481894493103027
44,8,-0.3433551788330078
44,9,-0.4047267436981201
44,10,-0.39938342571258545
44,11,0.16014766693115234
44,12,-0.32759714126586914
44,13,-0.09869265556335449
44,14,-0.41338419914245605
44,15,0.2564570903778076
44,16,-0.05896186828613281
44,17,1.5122469663619995
44,18,-0.36562681198120117
44,19,-0.03523826599121094
44,20,-0.20855724811553955
44,21,0.10815882682800293
44,22,0.21193528175354004
44,23,0.534569501876831
44,24,-0.4325432777404785
44,25,1.1531472206115723
44,26,0.030789852142333984
44,27,0.2520482540130615
44,28,0.4945657253265381
44,29,-0.378223180770874
44,30,-0.1234273910522461
44,31,-0.30472397804260254
44,32,-0.17823553085327148
44,33,0.14714765548706055
44,34,0.10737228393554688
44,35,-0.5974397659301758
44,36,-0.5032666921615601
44,37,-1.0758978128433228
44,38,0.19383883476257324
44,39,0.2551853656768799
44,40,-0.31914567947387695
44,41,-0.0416792631149292
44,42,0.30663633346557617
44,43,0.5466760396957397
44,44,-2.342587947845459
44,45,1.3910834789276123
44,46,0.5737733840942383
44,47,0.043981075286865234
44,48,3.2799508571624756
44,49,0.09798121452331543
44,50,-0.3219723701477051
44,51,-0.2398015856742859
44,52,0.5846505165100098
45,0,-0.058913230895996094
45,1,0.04638713598251343
45,2,-0.02218794822692871
45,3,0.0494687557220459
45,4,-0.07606184482574463
45,5,-0.4963371753692627
45,6,0.1328296661376953
45,7,0.0687413215637207
45,8,-0.3786175847053528
45,9,0.003988742828369141
45,10,-0.0325545072555542
45,11,0.5487368106842041
45,12,-0.1912093162536621
45,13,-0.2699003219604492
45,14,0.12595105171203613
45,15,0.38384246826171875
45,16,-0.07547330856323242
45,17,-0.29501283168792725
45,18,-0.14253711700439453
45,19,-0.3556373119354248
45,20,0.05154991149902344
45,21,-0.4764045476913452
45,22,0.07984364032745361
45,23,-0.013858795166015625
45,24,0.3209669589996338
45,25,0.20144271850585938
45,26,0.046035051345825195
45,27,0.1970686912536621
45,28,-0.4114103317260742
45,29,-0.5487369298934937
45,30,-0.10514140129089355
45,31,-0.6316417455673218
45,32,-0.19995403289794922
45,33,0.052748680114746094
45,34,-0.31619536876678467
45,35,-0.030364990234375
45,36,-0.38110995292663574
45,37,0.08614826202392578
45,38,-0.11927533149719238
45,39,-0.22657638788223267
45,40,-0.7156268358230591
45,41,0.4605671167373657
45,42,0.5872178077697754
45,43,0.8249895572662354
45,44,1.3910841941833496
45,45,-1.760093331336975
45,46,0.5681660175323486
45,47,0.0701608657836914
45,48,0.4925415515899658
45,49,1.579272747039795
45,50,-0.11364316940307617
45,51,-0.02782309055328369
45,52,0.10255026817321777
46,0,-0.3174060583114624
46,1,-0.22818201780319214
46,2,0.22161245346069336
46,3,-0.13863897323608398
46,4,0.7543730735778809
46,5,-0.31173086166381836
46,6,-0.4375094175338745
46,7,-0.41688811779022217
46,8,-0.334452748298645
46,9,-0.16472625732421875
46,10,0.28775596618652344
46,11,-0.436881422996521
46,12,-0.23628270626068115
46,13,-0.6109044551849365
46,14,0.011214494705200195
46,15,0.07058477401733398
46,16,0.08658766746520996
46,17,0.36359620094299316
46,18,-0.024875640869140625
46,19,-0.22921645641326904
46,20,0.11473560333251953
46,21,0.15022492408752441
46,22,-0.07222771644592285
46,23,0.0015332698822021484
46,24,0.39127159118652344
46,25,-0.6697511672973633
46,26,-0.08571988344192505
46,27,-0.03863239288330078
46,28,-0.3986978530883789
46,29,-0.20340144634246826
46,30,-0.6333870887756348
46,31,-0.3678234815597534
46,32,-0.5525362491607666
46,33,0.13231003284454346
46,34,0.013830304145812988
46,35,0.3104393482208252
46,36,-0.29590630531311035
46,37,-0.6887766122817993
46,38,0.7980654239654541
46,39,0.005161285400390625
46,40,0.014419078826904297
46,41,-0.06637394428253174
46,42,1.4697117805480957
46,43,2.722548484802246
46,44,0.5737736225128174
46,45,0.5681660175323486
46,46,-1.979748249053955
46,47,0.09486645460128784
46,48,-0.1218271255493164
46,49,0.5375077724456787
46,50,0.815453290939331
46,51,-0.1387784481048584
46,52,-0.3084512948989868
47,0,-0.1508691906929016
47,1,0.016647279262542725
47,2,0.11691540479660034
47,3,-0.04440206289291382
47,4,0.3550357222557068
47,5,0.3705851435661316
47,6,0.05965906381607056
47,7,-0.11184674501419067
47,8,-0.1653238832950592
47,9,0.3038020730018616
47,10,-0.37161368131637573
47,11,0.49174630641937256
47,12,-0.34571877121925354
47,13,0.3347412347793579
47,14,0.15597230195999146
47,15,-0.09148633480072021
47,16,0.06251096725463867
47,17,-0.1261124610900879
47,18,-0.18894678354263306
47,19,0.2916296124458313
47,20,-0.09082818031311035
47,21,0.24963557720184326
47,22,-0.11745321750640869
47,23,0.06460762023925781
47,24,-0.10502409934997559
47,25,-0.03540533781051636
47,26,0.2922505736351013
47,27,-0.17668163776397705
47,28,-0.09994816780090332
47,29,-0.12498801946640015
47,30,-0.324459969997406
47,31,-0.18777400255203247
47,32,-0.2796422243118286
47,33,-0.43320149183273315
47,34,-0.07661491632461548
47,35,-0.16878950595855713
47,36,-0.1982833743095398
47,37,-0.16474515199661255
47,38,0.04024028778076172
47,39,-0.06982475519180298
47,40,-0.19192546606063843
47,41,-0.1372556984424591
47,42,0.1399632692337036
47,43,0.7752652764320374
47,44,0.043981313705444336
47,45,0.07016110420227051
47,46,0.09486645460128784
47,47,-0.26279014348983765
47,48,0.0174485445022583
47,49,-0.11042666435241699
47,50,-0.354073703289032
47,51,-0.0040416717529296875
47,52,0.9628340601921082
48,0,0.5482573509216309
48,1,-0.16805607080459595
48,2,0.07746171951293945
48,3,-0.36880040168762207
48,4,-0.573634147644043
48,5,-0.7771439552307129
48,6,-0.06345462799072266
48,7,-0.0067539215087890625
48,8,-0.10665678977966309
48,9,-0.2900519371032715
48,10,0.09334290027618408
48,11,-0.7454451322555542
48,12,-0.23325037956237793
48,13,-0.2897377014160156
48,14,-0.3077845573425293
48,15,0.12758898735046387
48,16,-0.20386052131652832
48,17,0.3542611598968506
48,18,-0.5273211002349854
48,19,0.291353702545166
48,20,-0.3580516576766968
48,21,-0.007471799850463867
48,22,0.20661354064941406
48,23,0.1814584732055664
48,24,-0.092254638671875
48,25,1.1651170253753662
48,26,-0.17227965593338013
48,27,0.22704648971557617
48,28,0.16060638427734375
48,29,-0.5997269153594971
48,30,-0.03389263153076172
48,31,-0.5479649305343628
48,32,-0.545062780380249
48,33,0.1520063877105713
48,34,-0.25342345237731934
48,35,0.8108093738555908
48,36,-0.1875448226928711
48,37,-0.8174785375595093
48,38,0.44875192642211914
48,39,0.1266869306564331
48,40,-0.6520334482192993
48,41,-0.6122045516967773
48,42,-0.30948638916015625
48,43,0.7759603261947632
48,44,3.2799510955810547
48,45,0.4925408363342285
48,46,-0.12182807922363281
48,47,0.017448484897613525
48,48,-2.517821788787842
48,49,0.4250752925872803
48,50,0.33480358123779297
48,51,0.05083417892456055
48,52,2.142498731613159
49,0,0.8959006071090698
49,1,-0.016575872898101807
49,2,0.05552816390991211
49,3,-0.16357040405273438
49,4,-0.2616046667098999
49,5,-0.15473723411560059
49,6,-0.1579136848449707
49,7,-0.10177326202392578
49,8,-0.5835268497467041
49,9,-0.3866419792175293
49,10,-0.3159404993057251
49,11,0.30700063705444336
49,12,-0.3073391914367676
49,13,-0.055025577545166016
49,14,-0.40687108039855957
49,15,-0.1671442985534668
49,16,-0.4395279884338379
49,17,0.38027727603912354
49,18,-0.6157481670379639
49,19,-0.324288010597229
49,20,-0.0709681510925293
49,21,0.33949756622314453
49,22,-0.2161087989807129
49,23,0.11089611053466797
49,24,0.4204127788543701
49,25,-0.14638757705688477
49,26,-0.025565147399902344
49,27,-0.33486175537109375
49,28,-0.02665877342224121
49,29,-0.3724691867828369
49,30,0.2865872383117676
49,31,-0.2971668243408203
49,32,0.07123374938964844
49,33,1.0013675689697266
49,34,-0.354921817779541
49,35,-0.06835174560546875
49,36,-0.3755077123641968
49,37,-0.21769225597381592
49,38,-0.5211353302001953
49,39,-0.3731340169906616
49,40,0.02921462059020996
49,41,-0.2827155590057373
49,42,0.5383381843566895
49,43,-0.06128990650177002
49,44,0.09798145294189453
49,45,1.579272985458374
49,46,0.5375075340270996
49,47,-0.11042672395706177
49,48,0.4250752925872803
49,49,-2.27608323097229
49,50,1.509629487991333
49,51,0.6051309108734131
49,52,1.3988242149353027
50,0,1.6764488220214844
50,1,0.07675051689147949
50,2,0.4414074420928955
50,3,-0.44829630851745605
50,4,-0.16405844688415527
50,5,-0.12571978569030762
50,6,-0.49451756477355957
50,7,-0.4642295837402344
50,8,-0.35205399990081787
50,9,-0.024248838424682617
50,10,0.5146325826644897
50,11,0.0473785400390625
50,12,0.011396408081054688
50,13,-0.42430591583251953
50,14,-0.08578205108642578
50,15,0.10650897026062012
50,16,-0.0635530948638916
50,17,1.1401351690292358
50,18,0.054465293884277344
50,19,-0.3747985363006592
50,20,-0.0751039981842041
50,21,-0.12611627578735352
50,22,-0.3212909698486328
50,23,-0.44233012199401855
50,24,0.3616523742675781
50,25,0.39089298248291016
50,26,0.16940903663635254
50,27,-0.22863507270812988
50,28,0.0011370182037353516
50,29,-0.4485306739807129
50,30,0.4224820137023926
50,31,-0.35316169261932373
50,32,-0.6303081512451172
50,33,-0.21707260608673096
50,34,-0.670539379119873
50,35,-0.07511591911315918
50,36,-0.8582466840744019
50,37,-0.784697413444519
50,38,0.7994527816772461
50,39,-0.2608907222747803
50,40,-0.20664238929748535
50,41,0.8440948724746704
50,42,0.4825737476348877
50,43,0.011234521865844727
50,44,-0.3219726085662842
50,45,-0.11364340782165527
50,46,0.815453052520752
50,47,-0.35407382249832153
50,48,0.33480405807495117
50,49,1.509629487991333
50,50,-3.003800868988037
50,51,0.596039891242981
50,52,1.7057676315307617
51,0,-0.34424543380737305
51,1,-0.42905521392822266
51,2,-0.054559946060180664
51,3,0.49759936332702637
51,4,0.6811057329177856
51,5,0.05384683609008789
51,6,0.012156248092651367
51,7,-0.4268392324447632
51,8,-0.7413423657417297
51,9,0.47080516815185547
51,10,-0.7686213850975037
51,11,-0.3226422667503357
51,12,0.3213878870010376
51,13,0.0932387113571167
51,14,-0.19650161266326904
51,15,-0.38013750314712524
51,16,0.07463860511779785
51,17,-0.1842421293258667
51,18,0.30589210987091064
51,19,0.6688773036003113
51,20,-0.3720725178718567
51,21,0.27238452434539795
51,22,-0.3435472249984741
51,23,-0.2485927939414978
51,24,-0.4161720275878906
51,25,-0.06781566143035889
51,26,0.413264662027359
51,27,0.02548384666442871
51,28,-0.09521269798278809
51,29,1.299696683883667
51,30,-0.2754629850387573
51,31,-0.5026847124099731
51,32,-0.11606132984161377
51,33,-0.3891613483428955
51,34,-0.2781921625137329
51,35,-0.031523942947387695
51,36,0.014359354972839355
51,37,0.03979694843292236
51,38,-0.03630387783050537
51,39,-0.48149043321609497
51,40,-0.12417399883270264
51,41,-0.49632251262664795
51,42,-0.13972055912017822
51,43,-0.07220113277435303
51,44,-0.239801824092865
51,45,-0.027823030948638916
51,46,-0.1387786865234375
51,47,-0.004041910171508789
51,48,0.05083441734313965
51,49,0.6051309108734131
51,50,0.5960400104522705
51,51,-0.5769603252410889
51,52,2.82576584815979
52,0,0.6002380847930908
52,1,0.11153161525726318
52,2,0.828279972076416
52,3,-0.19268345832824707
52,4,-0.6456036567687988
52,5,0.3997831344604492
52,6,-0.15630197525024414
52,7,-0.00690007209777832
52,8,-0.8499588966369629
52,9,-0.07222485542297363
52,10,-0.5790791511535645
52,11,-0.7428998947143555
52,12,-0.01792001724243164
52,13,-0.35442471504211426
52,14,0.0172882080078125
52,15,0.02263498306274414
52,16,-0.7499687671661377
52,17,-0.08087730407714844
52,18,-0.5273568630218506
52,19,0.39794039726257324
52,20,-0.6005607843399048
52,21,-0.05082368850708008
52,22,-0.31296753883361816
52,23,-0.05277132987976074
52,24,1.3386800289154053
52,25,0.3645591735839844
52,26,0.2213228940963745
52,27,-0.5896568298339844
52,28,-0.3855757713317871
52,29,-0.34239935874938965
52,30,-0.3467707633972168
52,31,-0.4560650587081909
52,32,-0.5540742874145508
52,33,-0.4362379312515259
52,34,-0.25775372982025146
52,35,-0.5160202980041504
52,36,-0.5607696771621704
52,37,-0.4431471824645996
52,38,-0.11924147605895996
52,39,0.20647060871124268
52,40,0.2875173091888428
52,41,-0.3781801462173462
52,42,-0.2815985679626465
52,43,-0.05727565288543701
52,44,0.5846500396728516
52,45,0.10254979133605957
52,46,-0.308451771736145
52,47,0.9628342390060425
52,48,2.142498731613159
52,49,1.3988237380981445
52,50,1.7057671546936035
52,51,2.8257663249969482
52,52,-2.492600917816162
