0,0,-1.307445764541626
0,1,0.34264200925827026
0,2,0.2282419204711914
0,3,0.7572083473205566
0,4,0.11411762237548828
0,5,-0.012701749801635742
0,6,0.234358549118042
0,7,-0.28379952907562256
0,8,-0.10880720615386963
0,9,-0.2978137731552124
0,10,-0.4497218132019043
0,11,-0.1035304069519043
0,12,-0.04598033428192139
0,13,-0.15181481838226318
0,14,-0.0660773515701294
0,15,-0.30757367610931396
0,16,-0.526129961013794
0,17,0.09075522422790527
0,18,-0.15226638317108154
0,19,-0.1966528296470642
0,20,-0.2654194235801697
0,21,-0.311939001083374
0,22,-0.5594920516014099
0,23,0.3789876699447632
0,24,-0.33270418643951416
0,25,-0.2217317819595337
0,26,-0.012141887098550797
0,27,-0.43312132358551025
0,28,-0.05492985248565674
0,29,-0.17709267139434814
0,30,-0.08506739139556885
0,31,0.2081928253173828
0,32,-0.17505717277526855
0,33,0.06631970405578613
0,34,0.13952946662902832
0,35,0.08625268936157227
0,36,-0.1474449634552002
0,37,0.5277433395385742
0,38,1.2367825508117676
0,39,-0.41447222232818604
0,40,-0.28124475479125977
0,41,1.400684118270874
0,42,-0.12540733814239502
0,43,-0.24408936500549316
0,44,-0.6238434910774231
0,45,-0.15385985374450684
0,46,-0.07384908199310303
0,47,-0.041462238878011703
0,48,0.359258770942688
0,49,0.5525413751602173
0,50,1.7541866302490234
0,51,-0.12160109728574753
0,52,0.3884854316711426
1,0,0.3426418900489807
1,1,-0.022060276940464973
1,2,0.6309311985969543
1,3,0.3400847315788269
1,4,0.23667307198047638
1,5,0.2306799739599228
1,6,-0.07458536326885223
1,7,0.46122705936431885
1,8,-0.015161015093326569
1,9,-0.0817052572965622
1,10,-0.006464645266532898
1,11,-0.07224973291158676
1,12,-0.1616009920835495
1,13,-0.05942237377166748
1,14,-0.049016207456588745
1,15,-0.20955395698547363
1,16,-0.17660914361476898
1,17,-0.06807342171669006
1,18,-0.05860137939453125
1,19,-0.07869092375040054
1,20,0.028492406010627747
1,21,0.05304563045501709
1,22,-0.1724402755498886
1,23,-0.16901333630084991
1,24,0.20902666449546814
1,25,-0.14671386778354645
1,26,0.23261496424674988
1,27,-0.07860134541988373
1,28,-0.12889130413532257
1,29,-0.05519752949476242
1,30,-0.22783364355564117
1,31,-0.06860321015119553
1,32,-0.1574018895626068
1,33,-0.02526000142097473
1,34,-0.10899926722049713
1,35,0.08375726640224457
1,36,0.01082184910774231
1,37,0.14739549160003662
1,38,-0.16348551213741302
1,39,0.04705089330673218
1,40,0.11070266366004944
1,41,-0.0632617399096489
1,42,-0.17828042805194855
1,43,-0.16075558960437775
1,44,-0.15125998854637146
1,45,-0.09459858387708664
1,46,-0.13218840956687927
1,47,0.2553994059562683
1,48,-0.18169496953487396
1,49,-0.1496366411447525
1,50,0.22552970051765442
1,51,0.043287910521030426
1,52,0.05855026841163635
2,0,0.22824203968048096
2,1,0.6309308409690857
2,2,-1.9181572198867798
2,3,1.3366553783416748
2,4,0.3370476961135864
2,5,0.03043508529663086
2,6,-0.02724611759185791
2,7,0.029998421669006348
2,8,0.37655937671661377
2,9,-0.32980382442474365
2,10,0.14001262187957764
2,11,0.11112534999847412
2,12,-0.5101649761199951
2,13,-0.27546942234039307
2,14,-0.4687979221343994
2,15,-0.45880281925201416
2,16,-0.2343236207962036
2,17,-0.27275317907333374
2,18,-0.47211599349975586
2,19,-0.025155067443847656
2,20,-0.18239867687225342
2,21,2.556086540222168
2,22,0.15358293056488037
2,23,0.0727536678314209
2,24,0.6791297197341919
2,25,0.48147308826446533
2,26,-0.014746230095624924
2,27,-0.387434720993042
2,28,-0.49857795238494873
2,29,-0.1573171615600586
2,30,-0.49810004234313965
2,31,0.09386396408081055
2,32,-0.5223404169082642
2,33,-0.08881604671478271
2,34,0.2616316080093384
2,35,-0.1434922218322754
2,36,0.017932415008544922
2,37,-0.18381965160369873
2,38,0.03051304817199707
2,39,-0.4646308124065399
2,40,-0.3777390718460083
2,41,0.0064604878425598145
2,42,-0.29966485500335693
2,43,0.2135910987854004
2,44,0.0800635814666748
2,45,0.014321208000183105
2,46,0.24690651893615723
2,47,-0.06528501212596893
2,48,0.058218955993652344
2,49,0.31396543979644775
2,50,0.22014331817626953
2,51,-0.22903068363666534
2,52,0.38453710079193115
3,0,0.7572083473205566
3,1,0.34008482098579407
3,2,1.3366553783416748
3,3,-2.2533810138702393
3,4,0.7565015554428101
3,5,0.1391615867614746
3,6,0.3316558599472046
3,7,-0.07614755630493164
3,8,-0.08874428272247314
3,9,0.3500516414642334
3,10,-0.817743182182312
3,11,-0.015114188194274902
3,12,-0.20155549049377441
3,13,0.040257930755615234
3,14,-0.2592841386795044
3,15,-0.31813907623291016
3,16,-0.07966947555541992
3,17,-0.43488365411758423
3,18,-0.1903383731842041
3,19,-0.2832831144332886
3,20,-0.2858757972717285
3,21,0.6834684610366821
3,22,0.4266301393508911
3,23,-0.46041619777679443
3,24,-0.2732137441635132
3,25,-0.3449970483779907
3,26,-0.03003394603729248
3,27,0.06987595558166504
3,28,0.1080465316772461
3,29,-0.48940396308898926
3,30,-0.35569334030151367
3,31,-0.5411943197250366
3,32,-0.9312934875488281
3,33,-0.2914696931838989
3,34,-1.0271408557891846
3,35,0.06251072883605957
3,36,0.11547160148620605
3,37,1.2028104066848755
3,38,1.9733972549438477
3,39,-0.320172518491745
3,40,-0.0177764892578125
3,41,2.3504281044006348
3,42,0.38924193382263184
3,43,0.06500673294067383
3,44,-0.3745696544647217
3,45,0.140791654586792
3,46,0.08014261722564697
3,47,-0.10773441195487976
3,48,-0.1695089340209961
3,49,-0.07581436634063721
3,50,-0.29575562477111816
3,51,0.0030754506587982178
3,52,-0.31212472915649414
4,0,0.11411762237548828
4,1,0.23667293787002563
4,2,0.3370475769042969
4,3,0.7565015554428101
4,4,-1.3201080560684204
4,5,0.7535678148269653
4,6,0.2986198663711548
4,7,0.5633131265640259
4,8,-0.017174482345581055
4,9,0.06847977638244629
4,10,-0.5041358470916748
4,11,0.3321899175643921
4,12,-0.02718508243560791
4,13,0.4485276937484741
4,14,-0.4315171241760254
4,15,-0.12246918678283691
4,16,-0.03882133960723877
4,17,-0.36709797382354736
4,18,-0.6269904375076294
4,19,0.2424643635749817
4,20,-0.05785799026489258
4,21,1.9248939752578735
4,22,0.5687471628189087
4,23,-0.18653631210327148
4,24,0.36440300941467285
4,25,-0.06009364128112793
4,26,-0.025935500860214233
4,27,0.09186720848083496
4,28,-0.25150632858276367
4,29,-0.5470710396766663
4,30,0.012006998062133789
4,31,-0.21223288774490356
4,32,-0.05361437797546387
4,33,-0.5775029063224792
4,34,-0.09778428077697754
4,35,-0.2607220411300659
4,36,-0.1911247968673706
4,37,0.006585240364074707
4,38,0.24039733409881592
4,39,-0.30314165353775024
4,40,-0.25750529766082764
4,41,0.1564580202102661
4,42,-0.006458878517150879
4,43,0.1336907148361206
4,44,-0.45691120624542236
4,45,0.05023825168609619
4,46,0.1892629861831665
4,47,-0.03071143850684166
4,48,-0.026525378227233887
4,49,-0.19525575637817383
4,50,-0.33756399154663086
4,51,-0.03754444420337677
4,52,-0.2609546184539795
5,0,-0.012701869010925293
5,1,0.2306799441576004
5,2,0.03043508529663086
5,3,0.1391611099243164
5,4,0.7535675764083862
5,5,-2.5681588649749756
5,6,0.2890458106994629
5,7,0.8475019931793213
5,8,-0.06435692310333252
5,9,-0.44569146633148193
5,10,-0.27217066287994385
5,11,-0.2139192819595337
5,12,-0.5564570426940918
5,13,-0.1143639087677002
5,14,-0.31652283668518066
5,15,0.02170705795288086
5,16,-0.0525970458984375
5,17,-0.3169630765914917
5,18,5.2054033279418945
5,19,0.13910377025604248
5,20,0.569347620010376
5,21,-0.1874018907546997
5,22,-0.18827080726623535
5,23,0.11870002746582031
5,24,-0.5267541408538818
5,25,-0.21479415893554688
5,26,-0.04751760512590408
5,27,0.28110766410827637
5,28,0.17472434043884277
5,29,0.6853400468826294
5,30,0.24918246269226074
5,31,-0.35640764236450195
5,32,-0.06908845901489258
5,33,-0.29941999912261963
5,34,-0.34616518020629883
5,35,-0.6214084625244141
5,36,-0.14044570922851562
5,37,0.3148742914199829
5,38,-0.2957594394683838
5,39,-0.21642690896987915
5,40,-0.1347179412841797
5,41,0.01801300048828125
5,42,0.016364097595214844
5,43,-0.01903820037841797
5,44,0.10554075241088867
5,45,-0.022745370864868164
5,46,-0.4829493761062622
5,47,-0.0838143527507782
5,48,-0.3578817844390869
5,49,-0.12784850597381592
5,50,-0.5540685653686523
5,51,0.24231591820716858
5,52,-0.2052924633026123
6,0,0.2343587875366211
6,1,-0.07458538562059402
6,2,-0.02724599838256836
6,3,0.33165574073791504
6,4,0.29861998558044434
6,5,0.289046049118042
6,6,-1.7645561695098877
6,7,0.7199980020523071
6,8,0.35890185832977295
6,9,0.328896164894104
6,10,0.16953563690185547
6,11,0.1141747236251831
6,12,-0.29596519470214844
6,13,-0.14068853855133057
6,14,-0.14991068840026855
6,15,-0.20088768005371094
6,16,0.02970743179321289
6,17,-0.797028660774231
6,18,0.26407527923583984
6,19,0.05075693130493164
6,20,-0.006052851676940918
6,21,-0.1502171754837036
6,22,0.234114408493042
6,23,-0.1158902645111084
6,24,-0.11207568645477295
6,25,-0.3399815559387207
6,26,-0.04591355845332146
6,27,-0.17556047439575195
6,28,0.0034677982330322266
6,29,-0.11305856704711914
6,30,-0.4290696382522583
6,31,-0.0012758970260620117
6,32,0.33067965507507324
6,33,-0.3063359260559082
6,34,-0.04115283489227295
6,35,0.8283109664916992
6,36,1.7659233808517456
6,37,0.7806854248046875
6,38,-0.22555208206176758
6,39,-0.02778446674346924
6,40,-0.147780179977417
6,41,0.1510964035987854
6,42,-0.2069845199584961
6,43,-0.06585383415222168
6,44,-0.5075703859329224
6,45,0.020171642303466797
6,46,-0.3192020654678345
6,47,-0.07774843275547028
6,48,-0.06167244911193848
6,49,-0.1464064121246338
6,50,-0.3051551580429077
6,51,0.06785246729850769
6,52,0.007141709327697754
7,0,-0.2837996482849121
7,1,0.4612268805503845
7,2,0.029998421669006348
7,3,-0.07614755630493164
7,4,0.563313364982605
7,5,0.8475019931793213
7,6,0.719997763633728
7,7,-1.728140115737915
7,8,0.29574573040008545
7,9,0.3743199110031128
7,10,0.02926957607269287
7,11,0.6608778238296509
7,12,-0.12480771541595459
7,13,0.26447582244873047
7,14,0.04416811466217041
7,15,0.6228921413421631
7,16,-0.27374351024627686
7,17,-0.1651180386543274
7,18,-0.01422119140625
7,19,-0.34709858894348145
7,20,0.04337894916534424
7,21,-0.11978566646575928
7,22,-0.11083757877349854
7,23,-0.25439536571502686
7,24,-0.19124138355255127
7,25,-0.2664984464645386
7,26,-0.04604216292500496
7,27,-0.6808370351791382
7,28,0.4998065233230591
7,29,0.420428991317749
7,30,0.6002471446990967
7,31,-0.21072912216186523
7,32,1.54353928565979
7,33,0.3233531713485718
7,34,-0.17149925231933594
7,35,-0.4515557289123535
7,36,-0.1521085500717163
7,37,-0.1508936882019043
7,38,-0.20119714736938477
7,39,-0.2559747099876404
7,40,-0.22123956680297852
7,41,-0.34285223484039307
7,42,-0.12811875343322754
7,43,0.18392670154571533
7,44,-0.08863687515258789
7,45,-0.3291724920272827
7,46,-0.08892619609832764
7,47,-0.06723368167877197
7,48,0.13069212436676025
7,49,-0.2787896394729614
7,50,-0.7074832916259766
7,51,-0.18911801278591156
7,52,0.059075117111206055
8,0,-0.10880714654922485
8,1,-0.015161022543907166
8,2,0.37655937671661377
8,3,-0.08874428272247314
8,4,-0.017174601554870605
8,5,-0.06435680389404297
8,6,0.35890185832977295
8,7,0.29574573040008545
8,8,-0.7393542528152466
8,9,0.6362888813018799
8,10,-0.6257939338684082
8,11,-0.07246601581573486
8,12,-0.04897606372833252
8,13,0.08841609954833984
8,14,-0.13244664669036865
8,15,-0.15454089641571045
8,16,0.28228676319122314
8,17,-0.31156596541404724
8,18,-0.14359045028686523
8,19,-0.34424299001693726
8,20,-0.5300328731536865
8,21,0.2731003761291504
8,22,0.12196493148803711
8,23,-0.23526138067245483
8,24,0.08678579330444336
8,25,-0.15987145900726318
8,26,0.23175936937332153
8,27,-0.11687111854553223
8,28,0.14128172397613525
8,29,0.1228225827217102
8,30,-0.3393580913543701
8,31,0.6808919906616211
8,32,0.204095721244812
8,33,0.6357346177101135
8,34,-0.645659327507019
8,35,0.23680591583251953
8,36,0.41127079725265503
8,37,0.3382093906402588
8,38,-0.06606602668762207
8,39,-0.04254820942878723
8,40,0.5666077136993408
8,41,-0.28497448563575745
8,42,0.0853356122970581
8,43,-0.22249835729599
8,44,0.08548200130462646
8,45,-0.36340487003326416
8,46,-0.315761923789978
8,47,0.12727908790111542
8,48,-0.2038145661354065
8,49,0.02569258213043213
8,50,-0.027643799781799316
8,51,0.17430125176906586
8,52,-0.16663062572479248
9,0,-0.29781365394592285
9,1,-0.08170522749423981
9,2,-0.329803466796875
9,3,0.3500516414642334
9,4,0.06847965717315674
9,5,-0.44569122791290283
9,6,0.328896164894104
9,7,0.37432026863098145
9,8,0.6362892389297485
9,9,-1.7981910705566406
9,10,1.2075412273406982
9,11,0.8721545934677124
9,12,0.23812651634216309
9,13,-0.15069103240966797
9,14,-0.007099628448486328
9,15,-0.10178399085998535
9,16,-0.0030074119567871094
9,17,0.22181856632232666
9,18,-0.31411802768707275
9,19,-0.22574490308761597
9,20,-0.21769189834594727
9,21,-0.16892826557159424
9,22,-0.08356595039367676
9,23,-0.5360813140869141
9,24,-0.36184263229370117
9,25,-0.25560522079467773
9,26,0.001689177006483078
9,27,-0.38541603088378906
9,28,0.03231382369995117
9,29,-0.28014445304870605
9,30,-0.1500859260559082
9,31,0.013742208480834961
9,32,1.5347797870635986
9,33,0.03400242328643799
9,34,0.4456160068511963
9,35,1.7103276252746582
9,36,0.4953416585922241
9,37,-0.0018227100372314453
9,38,-0.47347402572631836
9,39,-0.04720026254653931
9,40,-0.1623387336730957
9,41,0.1967948079109192
9,42,-0.14696407318115234
9,43,-0.23904883861541748
9,44,-0.3556325435638428
9,45,0.18272054195404053
9,46,-0.2602419853210449
9,47,0.059386059641838074
9,48,-0.09171247482299805
9,49,-0.16241836547851562
9,50,-0.330197811126709
9,51,-0.1332041174173355
9,52,-0.40512335300445557
10,0,-0.44972169399261475
10,1,-0.0064646899700164795
10,2,0.1400127410888672
10,3,-0.817743182182312
10,4,-0.50413578748703
10,5,-0.27217066287994385
10,6,0.16953563690185547
10,7,0.02926957607269287
10,8,-0.6257939338684082
10,9,1.2075413465499878
10,10,-0.868394672870636
10,11,0.33338725566864014
10,12,0.6604355573654175
10,13,-0.3493208885192871
10,14,0.7095506191253662
10,15,-0.2267540693283081
10,16,-0.8554327487945557
10,17,0.31604355573654175
10,18,-0.32471543550491333
10,19,0.06934595108032227
10,20,-0.2956763505935669
10,21,-0.5340351462364197
10,22,-0.07155823707580566
10,23,-0.05678355693817139
10,24,-0.07412314414978027
10,25,-0.11106252670288086
10,26,-0.026895303279161453
10,27,-0.7780740261077881
10,28,-0.29158174991607666
10,29,-0.10140246152877808
10,30,-0.2541412115097046
10,31,-0.24842345714569092
10,32,0.6632277965545654
10,33,-0.4282459616661072
10,34,6.121432304382324
10,35,0.6926138401031494
10,36,0.11892247200012207
10,37,-0.670382022857666
10,38,0.4383505582809448
10,39,-0.3459802567958832
10,40,-0.1005476713180542
10,41,-0.014391660690307617
10,42,0.3802940845489502
10,43,-0.2437228560447693
10,44,-0.2561677098274231
10,45,-0.5442568063735962
10,46,-0.3587319254875183
10,47,0.04817582666873932
10,48,-0.3582139015197754
10,49,-0.35594111680984497
10,50,0.06038248538970947
10,51,-0.057568326592445374
10,52,-0.279964804649353
11,0,-0.10353028774261475
11,1,-0.07224975526332855
11,2,0.11112534999847412
11,3,-0.015114188194274902
11,4,0.33219003677368164
11,5,-0.2139192819595337
11,6,0.114174485206604
11,7,0.6608775854110718
11,8,-0.07246601581573486
11,9,0.8721543550491333
11,10,0.33338725566864014
11,11,-1.738646149635315
11,12,1.696990966796875
11,13,0.7313704490661621
11,14,0.726292610168457
11,15,-0.05698215961456299
11,16,-0.3157961368560791
11,17,-0.30985718965530396
11,18,0.19525861740112305
11,19,0.002760767936706543
11,20,-0.16761362552642822
11,21,-0.07883727550506592
11,22,-0.3530440330505371
11,23,-0.07506179809570312
11,24,-0.2863883972167969
11,25,-0.5529050827026367
11,26,-0.044583629816770554
11,27,-0.14320313930511475
11,28,-0.053405165672302246
11,29,-0.059774160385131836
11,30,0.0895698070526123
11,31,-0.1586827039718628
11,32,0.6605086326599121
11,33,-0.03359365463256836
11,34,0.4633740186691284
11,35,0.185735821723938
11,36,0.3920314311981201
11,37,-0.28234851360321045
11,38,-0.2565995454788208
11,39,0.04116261005401611
11,40,-0.812080979347229
11,41,-0.16208875179290771
11,42,-0.0664604902267456
11,43,0.35228002071380615
11,44,-0.23169291019439697
11,45,0.1827908754348755
11,46,-0.09119415283203125
11,47,-0.034578412771224976
11,48,-0.5742685794830322
11,49,-0.04729175567626953
11,50,-0.024181365966796875
11,51,-0.2255488634109497
11,52,-0.43004274368286133
12,0,-0.045980215072631836
12,1,-0.1616009920835495
12,2,-0.5101648569107056
12,3,-0.2015552520751953
12,4,-0.02718496322631836
12,5,-0.5564565658569336
12,6,-0.2959650754928589
12,7,-0.12480747699737549
12,8,-0.04897594451904297
12,9,0.23812651634216309
12,10,0.6604353189468384
12,11,1.6969906091690063
12,12,-1.834059476852417
12,13,1.2026612758636475
12,14,3.2757461071014404
12,15,0.08219385147094727
12,16,0.07950890064239502
12,17,-0.28764110803604126
12,18,-0.40592360496520996
12,19,0.13861703872680664
12,20,-0.06420516967773438
12,21,-0.1244194507598877
12,22,0.0033031702041625977
12,23,0.0139845609664917
12,24,-0.4360487461090088
12,25,-0.2620081901550293
12,26,-0.024044835940003395
12,27,-0.5247046947479248
12,28,-0.1395634412765503
12,29,-0.27296972274780273
12,30,0.5324695110321045
12,31,0.2608344554901123
12,32,0.012681007385253906
12,33,0.2283322811126709
12,34,0.3290843963623047
12,35,0.16225528717041016
12,36,0.03294634819030762
12,37,-0.008789539337158203
12,38,-0.8936631679534912
12,39,0.43387025594711304
12,40,-0.28743696212768555
12,41,-0.308948278427124
12,42,-0.5258604288101196
12,43,0.2942473888397217
12,44,-0.3653299808502197
12,45,-0.31007349491119385
12,46,0.16599130630493164
12,47,-0.09184102714061737
12,48,-0.6923192739486694
12,49,-0.10800778865814209
12,50,0.16048645973205566
12,51,0.08345070481300354
12,52,-0.1476612091064453
13,0,-0.15181481838226318
13,1,-0.05942241847515106
13,2,-0.2754695415496826
13,3,0.04025769233703613
13,4,0.4485276937484741
13,5,-0.1143636703491211
13,6,-0.14068865776062012
13,7,0.26447582244873047
13,8,0.08841598033905029
13,9,-0.15069115161895752
13,10,-0.349320650100708
13,11,0.7313704490661621
13,12,1.2026612758636475
13,13,-2.4943130016326904
13,14,1.3250019550323486
13,15,0.942533016204834
13,16,-0.1272754669189453
13,17,0.1677318811416626
13,18,-0.9227879047393799
13,19,-0.08123981952667236
13,20,0.004161953926086426
13,21,-0.29862523078918457
13,22,-0.24715173244476318
13,23,-0.7515397071838379
13,24,-0.2396026849746704
13,25,0.17852163314819336
13,26,-0.05531485006213188
13,27,-0.38823699951171875
13,28,0.49008607864379883
13,29,-0.4031493663787842
13,30,2.8203811645507812
13,31,-0.5630506873130798
13,32,0.8493032455444336
13,33,0.27902936935424805
13,34,0.1296098232269287
13,35,0.31321001052856445
13,36,-0.09720349311828613
13,37,-0.2522481679916382
13,38,-0.8707013130187988
13,39,0.028128623962402344
13,40,0.011081695556640625
13,41,0.12791097164154053
13,42,-0.18526554107666016
13,43,0.3027687072753906
13,44,-0.15405523777008057
13,45,-0.060179829597473145
13,46,-0.24515926837921143
13,47,-0.02781733125448227
13,48,-0.33372974395751953
13,49,0.12994110584259033
13,50,-0.5152585506439209
13,51,-0.2651374936103821
13,52,-0.0542912483215332
14,0,-0.0660773515701294
14,1,-0.049016207456588745
14,2,-0.4687979221343994
14,3,-0.2592841386795044
14,4,-0.43151724338531494
14,5,-0.31652259826660156
14,6,-0.14991068840026855
14,7,0.04416811466217041
14,8,-0.1324465274810791
14,9,-0.00709986686706543
14,10,0.7095506191253662
14,11,0.7262923717498779
14,12,3.2757461071014404
14,13,1.3250019550323486
14,14,-2.2559309005737305
14,15,0.47788262367248535
14,16,0.36974072456359863
14,17,-0.2783700227737427
14,18,-0.6300958395004272
14,19,-0.2801779508590698
14,20,0.30469298362731934
14,21,-0.4322018623352051
14,22,-0.17500638961791992
14,23,-0.12917053699493408
14,24,-0.1578289270401001
14,25,0.04225611686706543
14,26,-0.05260526016354561
14,27,-0.27075791358947754
14,28,-0.292248010635376
14,29,0.0035598278045654297
14,30,1.5627002716064453
14,31,0.10939216613769531
14,32,1.0227818489074707
14,33,0.7411412000656128
14,34,-0.3733888864517212
14,35,0.4644293785095215
14,36,-0.12673890590667725
14,37,-0.5388617515563965
14,38,-0.7493255138397217
14,39,-0.114571213722229
14,40,-0.46402668952941895
14,41,0.004329204559326172
14,42,0.1759324073791504
14,43,0.02658247947692871
14,44,-0.2733118534088135
14,45,0.2531322240829468
14,46,0.058493733406066895
14,47,-0.049901291728019714
14,48,-0.48408520221710205
14,49,-0.36089932918548584
14,50,-0.727023720741272
14,51,-0.2631271481513977
14,52,-0.3374776840209961
15,0,-0.3075735569000244
15,1,-0.20955395698547363
15,2,-0.4588027000427246
15,3,-0.3181387186050415
15,4,-0.12246930599212646
15,5,0.021707534790039062
15,6,-0.20088791847229004
15,7,0.6228923797607422
15,8,-0.15454065799713135
15,9,-0.10178399085998535
15,10,-0.22675395011901855
15,11,-0.05698215961456299
15,12,0.08219408988952637
15,13,0.9425332546234131
15,14,0.47788262367248535
15,15,-2.353062868118286
15,16,0.15503311157226562
15,17,0.47968995571136475
15,18,-0.17552542686462402
15,19,0.05868816375732422
15,20,0.13094651699066162
15,21,-0.6900960206985474
15,22,0.16718947887420654
15,23,0.47628331184387207
15,24,-0.2223362922668457
15,25,0.005149364471435547
15,26,-0.051188983023166656
15,27,-0.006903171539306641
15,28,2.082831621170044
15,29,-0.10362350940704346
15,30,2.1340720653533936
15,31,-0.08402931690216064
15,32,-0.0276949405670166
15,33,-0.1516716480255127
15,34,0.2535724639892578
15,35,-0.38240480422973633
15,36,-0.15049707889556885
15,37,-0.38081979751586914
15,38,-0.27449119091033936
15,39,0.054404497146606445
15,40,-0.6282835006713867
15,41,-0.31494998931884766
15,42,-0.4462786912918091
15,43,0.07483315467834473
15,44,-0.16536152362823486
15,45,0.5216670036315918
15,46,0.07196950912475586
15,47,-0.09719526767730713
15,48,0.027024030685424805
15,49,-0.002579331398010254
15,50,-0.09355783462524414
15,51,-0.2306489795446396
15,52,0.3501269817352295
16,0,-0.5261300802230835
16,1,-0.17660915851593018
16,2,-0.2343236207962036
16,3,-0.07966947555541992
16,4,-0.03882133960723877
16,5,-0.0525965690612793
16,6,0.02970743179321289
16,7,-0.27374351024627686
16,8,0.2822866439819336
16,9,-0.003007650375366211
16,10,-0.8554328083992004
16,11,-0.3157961368560791
16,12,0.07950866222381592
16,13,-0.12727570533752441
16,14,0.36974072456359863
16,15,0.15503287315368652
16,16,-2.1434829235076904
16,17,0.08199620246887207
16,18,0.13625049591064453
16,19,-0.282188355922699
16,20,0.48019397258758545
16,21,0.053587913513183594
16,22,-0.49118709564208984
16,23,-0.13516294956207275
16,24,-0.04707646369934082
16,25,-0.30602824687957764
16,26,-0.04789869114756584
16,27,-0.2867923974990845
16,28,-0.10354757308959961
16,29,1.0484877824783325
16,30,-0.2847111225128174
16,31,0.2872617244720459
16,32,-0.02752852439880371
16,33,0.053806304931640625
16,34,-0.9390324950218201
16,35,-0.2953242063522339
16,36,0.3806072473526001
16,37,-0.4029585123062134
16,38,0.2703742980957031
16,39,0.6209555864334106
16,40,3.1556754112243652
16,41,-0.020609021186828613
16,42,2.7527365684509277
16,43,0.09524703025817871
16,44,-0.41438281536102295
16,45,-0.25501251220703125
16,46,-0.06649446487426758
16,47,-0.09209095686674118
16,48,-0.45574259757995605
16,49,-0.22240614891052246
16,50,-0.043051958084106445
16,51,0.38879117369651794
16,52,-0.6761288642883301
17,0,0.09075510501861572
17,1,-0.06807343661785126
17,2,-0.27275317907333374
17,3,-0.43488359451293945
17,4,-0.3670979142189026
17,5,-0.31696295738220215
17,6,-0.797028660774231
17,7,-0.1651180386543274
17,8,-0.3115660548210144
17,9,0.2218184471130371
17,10,0.3160436749458313
17,11,-0.3098570704460144
17,12,-0.28764116764068604
17,13,0.1677316427230835
17,14,-0.2783700227737427
17,15,0.47968971729278564
17,16,0.08199620246887207
17,17,-0.7385206818580627
17,18,-0.058719515800476074
17,19,0.42384594678878784
17,20,-0.20461899042129517
17,21,-0.44784802198410034
17,22,-0.22587984800338745
17,23,0.3690218925476074
17,24,0.6567567586898804
17,25,-0.18315601348876953
17,26,-0.027512680739164352
17,27,0.03265571594238281
17,28,0.6122685670852661
17,29,-0.15996158123016357
17,30,-0.48065537214279175
17,31,-0.055442988872528076
17,32,-0.15814948081970215
17,33,-0.3422451615333557
17,34,0.1578807830810547
17,35,-0.2196105718612671
17,36,-0.5004798769950867
17,37,0.011298418045043945
17,38,-0.16843771934509277
17,39,0.4769410192966461
17,40,-0.1134270429611206
17,41,-0.17913174629211426
17,42,0.07499146461486816
17,43,-0.06006747484207153
17,44,2.0387139320373535
17,45,0.15894252061843872
17,46,0.2887394428253174
17,47,-0.06543990969657898
17,48,0.15935158729553223
17,49,0.2990295886993408
17,50,0.6330273151397705
17,51,-0.10347552597522736
17,52,0.35063326358795166
18,0,-0.15226638317108154
18,1,-0.05860140919685364
18,2,-0.47211599349975586
18,3,-0.19033825397491455
18,4,-0.626990556716919
18,5,5.205404281616211
18,6,0.2640749216079712
18,7,-0.01422107219696045
18,8,-0.14359045028686523
18,9,-0.3141181468963623
18,10,-0.3247154951095581
18,11,0.19525861740112305
18,12,-0.40592360496520996
18,13,-0.9227879047393799
18,14,-0.6300959587097168
18,15,-0.17552566528320312
18,16,0.13625073432922363
18,17,-0.058719515800476074
18,18,-1.9821563959121704
18,19,0.4696725606918335
18,20,1.3790162801742554
18,21,-0.17629623413085938
18,22,-0.48462021350860596
18,23,-0.4177902936935425
18,24,0.08166277408599854
18,25,-0.03822898864746094
18,26,-0.04616998881101608
18,27,2.1573803424835205
18,28,-0.3562668561935425
18,29,0.703586220741272
18,30,-0.377671480178833
18,31,-0.21899127960205078
18,32,-0.4030265808105469
18,33,-0.4880672097206116
18,34,-0.62680983543396
18,35,-0.5023565292358398
18,36,0.5729801654815674
18,37,0.240767240524292
18,38,-0.21281838417053223
18,39,0.27487170696258545
18,40,0.6588995456695557
18,41,0.03870755434036255
18,42,-0.2708437442779541
18,43,-0.09361803531646729
18,44,-0.49599897861480713
18,45,-0.3503224849700928
18,46,0.21380996704101562
18,47,-0.08599640429019928
18,48,-0.2740515470504761
18,49,-0.13639342784881592
18,50,0.12377524375915527
18,51,0.07148462533950806
18,52,-0.2591007947921753
19,0,-0.19665277004241943
19,1,-0.07869093120098114
19,2,-0.025155067443847656
19,3,-0.2832832336425781
19,4,0.24246430397033691
19,5,0.13910388946533203
19,6,0.05075705051422119
19,7,-0.34709835052490234
19,8,-0.34424301981925964
19,9,-0.22574478387832642
19,10,0.06934607028961182
19,11,0.002760767936706543
19,12,0.13861703872680664
19,13,-0.08123970031738281
19,14,-0.2801778316497803
19,15,0.05868804454803467
19,16,-0.2821882367134094
19,17,0.4238457679748535
19,18,0.46967267990112305
19,19,-0.7471336126327515
19,20,0.07574808597564697
19,21,0.6022601127624512
19,22,0.3448396921157837
19,23,-0.01451718807220459
19,24,1.1724475622177124
19,25,0.0442042350769043
19,26,0.03205379471182823
19,27,0.04110312461853027
19,28,0.08627045154571533
19,29,0.413638174533844
19,30,0.12910723686218262
19,31,0.17216426134109497
19,32,-0.19699549674987793
19,33,-0.32064855098724365
19,34,-0.05328214168548584
19,35,0.22277319431304932
19,36,-0.5744324922561646
19,37,0.675731897354126
19,38,0.41395068168640137
19,39,-0.23186752200126648
19,40,-0.5930933952331543
19,41,-0.37577807903289795
19,42,-0.13847863674163818
19,43,-0.45230913162231445
19,44,-0.165621817111969
19,45,-0.05889934301376343
19,46,-0.3618471622467041
19,47,-0.007176101207733154
19,48,0.3474346399307251
19,49,-0.2413507103919983
19,50,-0.36341017484664917
19,51,0.06547407805919647
19,52,0.606859564781189
20,0,-0.26541954278945923
20,1,0.02849234640598297
20,2,-0.18239879608154297
20,3,-0.2858760356903076
20,4,-0.05785799026489258
20,5,0.569347620010376
20,6,-0.006052851676940918
20,7,0.04337882995605469
20,8,-0.5300328731536865
20,9,-0.21769201755523682
20,10,-0.2956763505935669
20,11,-0.16761362552642822
20,12,-0.06420540809631348
20,13,0.004161953926086426
20,14,0.3046928644180298
20,15,0.13094627857208252
20,16,0.4801938533782959
20,17,-0.20461910963058472
20,18,1.3790161609649658
20,19,0.0757480263710022
20,20,-0.9640480279922485
20,21,0.5032293796539307
20,22,1.5173276662826538
20,23,1.3849692344665527
20,24,0.4430578947067261
20,25,0.534753680229187
20,26,-0.029889047145843506
20,27,2.4034132957458496
20,28,0.4192376136779785
20,29,-0.5109418034553528
20,30,0.14356553554534912
20,31,-0.38565319776535034
20,32,-0.3426942825317383
20,33,-0.4475412964820862
20,34,-0.46353089809417725
20,35,-0.3523077964782715
20,36,-0.708226203918457
20,37,-0.1723337173461914
20,38,-0.16177809238433838
20,39,-0.2789974808692932
20,40,-0.6766107082366943
20,41,-0.6115472316741943
20,42,-0.04261291027069092
20,43,-0.38785606622695923
20,44,-0.4735237956047058
20,45,-0.10353314876556396
20,46,-0.06351268291473389
20,47,-0.06442166864871979
20,48,-0.21471643447875977
20,49,-0.003928780555725098
20,50,-0.17056846618652344
20,51,-0.13154394924640656
20,52,-0.3257725238800049
21,0,-0.3119392395019531
21,1,0.05304558575153351
21,2,2.556087017059326
21,3,0.683468222618103
21,4,1.9248939752578735
21,5,-0.1874018907546997
21,6,-0.15021729469299316
21,7,-0.11978566646575928
21,8,0.2731003761291504
21,9,-0.16892826557159424
21,10,-0.5340351462364197
21,11,-0.07883739471435547
21,12,-0.1244194507598877
21,13,-0.2986253499984741
21,14,-0.4322018623352051
21,15,-0.6900962591171265
21,16,0.053587913513183594
21,17,-0.4478479027748108
21,18,-0.17629611492156982
21,19,0.6022599935531616
21,20,0.5032294988632202
21,21,-1.752732753753662
21,22,1.638551115989685
21,23,0.2421276569366455
21,24,0.7881572246551514
21,25,-0.032135605812072754
21,26,0.009927529841661453
21,27,0.10144233703613281
21,28,-0.2642761468887329
21,29,-0.18735933303833008
21,30,-0.5807764530181885
21,31,-0.25668787956237793
21,32,-0.32497501373291016
21,33,-0.15472841262817383
21,34,0.11064279079437256
21,35,-0.3464771509170532
21,36,-0.1908053159713745
21,37,-0.2084289789199829
21,38,-0.23279094696044922
21,39,0.0260811448097229
21,40,-0.456966757774353
21,41,0.14397263526916504
21,42,-0.3192312717437744
21,43,0.05098593235015869
21,44,-0.08596956729888916
21,45,-0.22067594528198242
21,46,0.0202406644821167
21,47,0.1074376106262207
21,48,0.03048264980316162
21,49,-0.39822256565093994
21,50,-0.012075424194335938
21,51,-0.21368876099586487
21,52,0.03991520404815674
22,0,-0.5594919323921204
22,1,-0.1724402755498886
22,2,0.15358328819274902
22,3,0.4266306161880493
22,4,0.5687475204467773
22,5,-0.1882706880569458
22,6,0.234114408493042
22,7,-0.11083745956420898
22,8,0.12196505069732666
22,9,-0.08356583118438721
22,10,-0.07155811786651611
22,11,-0.35304367542266846
22,12,0.003303050994873047
22,13,-0.24715149402618408
22,14,-0.17500627040863037
22,15,0.16718947887420654
22,16,-0.4911869764328003
22,17,-0.22587984800338745
22,18,-0.48461973667144775
22,19,0.3448399305343628
22,20,1.517327904701233
22,21,1.6385512351989746
22,22,-1.4170570373535156
22,23,0.8268725872039795
22,24,0.4531130790710449
22,25,0.31644344329833984
22,26,-0.04169268533587456
22,27,-0.018338441848754883
22,28,-0.5277823209762573
22,29,0.41879284381866455
22,30,-0.6424249410629272
22,31,-0.1991138458251953
22,32,0.03530716896057129
22,33,0.3485807180404663
22,34,0.12139201164245605
22,35,-0.03733468055725098
22,36,-0.14941799640655518
22,37,-0.31847620010375977
22,38,0.10139954090118408
22,39,-0.004875838756561279
22,40,-0.17979013919830322
22,41,-0.374407023191452
22,42,-0.3652745485305786
22,43,0.039469003677368164
22,44,0.17087554931640625
22,45,0.17313742637634277
22,46,-0.09494614601135254
22,47,-0.031756702810525894
22,48,0.21242177486419678
22,49,-0.2869873046875
22,50,-0.40139901638031006
22,51,-0.21047791838645935
22,52,0.07055318355560303
23,0,0.37898755073547363
23,1,-0.1690133512020111
23,2,0.0727536678314209
23,3,-0.460416316986084
23,4,-0.18653631210327148
23,5,0.11870050430297852
23,6,-0.1158905029296875
23,7,-0.25439536571502686
23,8,-0.2352614402770996
23,9,-0.5360816717147827
23,10,-0.05678367614746094
23,11,-0.07506179809570312
23,12,0.013984322547912598
23,13,-0.7515397071838379
23,14,-0.12917053699493408
23,15,0.47628331184387207
23,16,-0.1351630687713623
23,17,0.3690218925476074
23,18,-0.4177902936935425
23,19,-0.014517426490783691
23,20,1.3849695920944214
23,21,0.2421276569366455
23,22,0.8268724679946899
23,23,-1.9986708164215088
23,24,0.3585491180419922
23,25,1.8290523290634155
23,26,-0.0495150126516819
23,27,3.363121509552002
23,28,0.18375301361083984
23,29,-0.09389102458953857
23,30,0.507688045501709
23,31,-0.26318681240081787
23,32,-0.3204294443130493
23,33,-0.23672020435333252
23,34,0.25526881217956543
23,35,-0.3129028081893921
23,36,-0.4181511402130127
23,37,-0.25215232372283936
23,38,-0.32831692695617676
23,39,-0.4266798198223114
23,40,-0.39820027351379395
23,41,-0.3858838677406311
23,42,-0.644575834274292
23,43,-0.09337079524993896
23,44,0.5157456398010254
23,45,0.003981232643127441
23,46,-0.38683128356933594
23,47,-0.08970870077610016
23,48,-0.055999755859375
23,49,-0.1212301254272461
23,50,-0.3670186996459961
23,51,-0.20588505268096924
23,52,0.08608222007751465
24,0,-0.33270418643951416
24,1,0.20902670919895172
24,2,0.679129958152771
24,3,-0.27321362495422363
24,4,0.3644028902053833
24,5,-0.5267540216445923
24,6,-0.11207592487335205
24,7,-0.19124162197113037
24,8,0.08678567409515381
24,9,-0.3618427515029907
24,10,-0.07412338256835938
24,11,-0.2863883972167969
24,12,-0.4360489845275879
24,13,-0.2396026849746704
24,14,-0.15782880783081055
24,15,-0.22233641147613525
24,16,-0.04707634449005127
24,17,0.6567566394805908
24,18,0.08166277408599854
24,19,1.1724474430084229
24,20,0.4430580139160156
24,21,0.7881572246551514
24,22,0.45311295986175537
24,23,0.3585488796234131
24,24,-1.8738985061645508
24,25,0.5418699979782104
24,26,-0.04450622946023941
24,27,0.23463201522827148
24,28,-0.1978013515472412
24,29,0.3438243865966797
24,30,-0.6194542646408081
24,31,-0.02695322036743164
24,32,-0.16304850578308105
24,33,-0.10782575607299805
24,34,0.005055427551269531
24,35,-0.019428014755249023
24,36,-0.45102035999298096
24,37,-0.46778106689453125
24,38,-0.09475266933441162
24,39,-0.12606459856033325
24,40,-0.39008843898773193
24,41,0.0458599328994751
24,42,0.009263753890991211
24,43,0.34946155548095703
24,44,-0.4442625045776367
24,45,0.17394137382507324
24,46,0.18013262748718262
24,47,-0.10492793470621109
24,48,0.13988661766052246
24,49,0.06488907337188721
24,50,0.33600449562072754
24,51,-0.20051400363445282
24,52,0.8756513595581055
25,0,-0.2217317819595337
25,1,-0.14671388268470764
25,2,0.4814729690551758
25,3,-0.3449968099594116
25,4,-0.06009376049041748
25,5,-0.21479356288909912
25,6,-0.33998167514801025
25,7,-0.266498327255249
25,8,-0.15987133979797363
25,9,-0.2556051015853882
25,10,-0.11106252670288086
25,11,-0.5529049634933472
25,12,-0.26200807094573975
25,13,0.17852210998535156
25,14,0.04225635528564453
25,15,0.005149245262145996
25,16,-0.30602800846099854
25,17,-0.1831558346748352
25,18,-0.03822898864746094
25,19,0.044204115867614746
25,20,0.5347539186477661
25,21,-0.03213536739349365
25,22,0.31644344329833984
25,23,1.829052448272705
25,24,0.5418701171875
25,25,-1.4174085855484009
25,26,-0.04169785976409912
25,27,1.449419379234314
25,28,0.019767165184020996
25,29,-0.058087706565856934
25,30,-0.1016160249710083
25,31,-0.17280566692352295
25,32,-0.5332950353622437
25,33,0.056882500648498535
25,34,0.10942685604095459
25,35,-0.05888247489929199
25,36,-0.049289703369140625
25,37,-0.2776474952697754
25,38,0.029357075691223145
25,39,0.09926396608352661
25,40,-0.4212777614593506
25,41,-0.07587635517120361
25,42,-0.59892737865448
25,43,0.0524296760559082
25,44,1.4167059659957886
25,45,0.07632005214691162
25,46,-0.40783023834228516
25,47,-0.07691052556037903
25,48,1.236132264137268
25,49,-0.19630062580108643
25,50,-0.4245206117630005
25,51,-0.1967950463294983
25,52,0.08555424213409424
26,0,-0.012141892686486244
26,1,0.23261503875255585
26,2,-0.014746252447366714
26,3,-0.030033957213163376
26,4,-0.025935502722859383
26,5,-0.04751760512590408
26,6,-0.045913565903902054
26,7,-0.04604216665029526
26,8,0.2317594736814499
26,9,0.0016891472041606903
26,10,-0.026895305141806602
26,11,-0.04458363354206085
26,12,-0.024044841527938843
26,13,-0.05531485751271248
26,14,-0.05260526388883591
26,15,-0.05118899047374725
26,16,-0.04789869487285614
26,17,-0.0275126826018095
26,18,-0.04616999626159668
26,19,0.03205377608537674
26,20,-0.029889050871133804
26,21,0.009927552193403244
26,22,-0.04169269651174545
26,23,-0.0495150201022625
26,24,-0.04450623691082001
26,25,-0.041697870939970016
26,26,-0.0012266836129128933
26,27,-0.05374688282608986
26,28,-0.05124656483530998
26,29,0.0804128348827362
26,30,0.03218479081988335
26,31,0.05481492355465889
26,32,-0.05588991940021515
26,33,0.1926700621843338
26,34,0.008577845990657806
26,35,0.023367010056972504
26,36,0.1146269291639328
26,37,0.1559123396873474
26,38,-0.05023634433746338
26,39,0.05703000724315643
26,40,0.06732505559921265
26,41,0.027858834713697433
26,42,-0.05223682150244713
26,43,-0.03903217986226082
26,44,1.6726553440093994e-06
26,45,-0.038077425211668015
26,46,-0.04231417924165726
26,47,-0.0018694696482270956
26,48,-0.045904479920864105
26,49,-0.0424904003739357
26,50,0.013467427343130112
26,51,-0.006503111682832241
26,52,-0.049674130976200104
27,0,-0.43312132358551025
27,1,-0.07860137522220612
27,2,-0.387434720993042
27,3,0.06987595558166504
27,4,0.09186732769012451
27,5,0.28110742568969727
27,6,-0.1755608320236206
27,7,-0.6808370351791382
27,8,-0.11687123775482178
27,9,-0.38541626930236816
27,10,-0.7780742049217224
27,11,-0.14320313930511475
27,12,-0.5247049331665039
27,13,-0.38823676109313965
27,14,-0.27075767517089844
27,15,-0.006903171539306641
27,16,-0.2867922782897949
27,17,0.03265571594238281
27,18,2.1573803424835205
27,19,0.04110300540924072
27,20,2.4034132957458496
27,21,0.10144209861755371
27,22,-0.018338680267333984
27,23,3.36312198638916
27,24,0.23463153839111328
27,25,1.4494186639785767
27,26,-0.053746871650218964
27,27,-2.354907751083374
27,28,1.1242656707763672
27,29,-0.5742167234420776
27,30,1.3255255222320557
27,31,-0.2777750492095947
27,32,0.008785724639892578
27,33,-0.11105990409851074
27,34,-0.07580983638763428
27,35,-0.6475186347961426
27,36,-0.39218389987945557
27,37,-0.6785322427749634
27,38,-0.6309460401535034
27,39,-0.30131518840789795
27,40,-0.37462306022644043
27,41,0.1312105655670166
27,42,-0.555500864982605
27,43,-0.10811364650726318
27,44,0.21001577377319336
27,45,-0.14927470684051514
27,46,0.03438770771026611
27,47,-0.09503725171089172
27,48,0.2728409767150879
27,49,-0.4631791114807129
27,50,-0.23242712020874023
27,51,-0.04841351509094238
27,52,-0.5336083173751831
28,0,-0.05492997169494629
28,1,-0.12889134883880615
28,2,-0.49857819080352783
28,3,0.1080465316772461
28,4,-0.2515065670013428
28,5,0.17472457885742188
28,6,0.0034672021865844727
28,7,0.49980664253234863
28,8,0.1412816047668457
28,9,0.03231358528137207
28,10,-0.29158174991607666
28,11,-0.053405165672302246
28,12,-0.13956379890441895
28,13,0.49008607864379883
28,14,-0.2922478914260864
28,15,2.0828311443328857
28,16,-0.10354804992675781
28,17,0.6122684478759766
28,18,-0.3562670946121216
28,19,0.08627021312713623
28,20,0.41923749446868896
28,21,-0.26427626609802246
28,22,-0.5277825593948364
28,23,0.18375277519226074
28,24,-0.1978015899658203
28,25,0.019767045974731445
28,26,-0.051246561110019684
28,27,1.124265432357788
28,28,-2.1409027576446533
28,29,0.004237771034240723
28,30,1.567145586013794
28,31,0.28610920906066895
28,32,0.17254400253295898
28,33,0.16243493556976318
28,34,-0.47553062438964844
28,35,-0.49825191497802734
28,36,-0.3042868375778198
28,37,-0.36132752895355225
28,38,-0.6442885398864746
28,39,-0.14540159702301025
28,40,-0.23205971717834473
28,41,0.04347383975982666
28,42,-0.4476505517959595
28,43,0.046254634857177734
28,44,0.1799306869506836
28,45,0.0029712915420532227
28,46,-0.2158898115158081
28,47,-0.1032693162560463
28,48,0.019953608512878418
28,49,0.17689406871795654
28,50,0.3937067985534668
28,51,-0.19639430940151215
28,52,-0.056897640228271484
29,0,-0.1770927906036377
29,1,-0.055197566747665405
29,2,-0.1573173999786377
29,3,-0.48940420150756836
29,4,-0.547071099281311
29,5,0.685340404510498
29,6,-0.11305880546569824
29,7,0.4204288721084595
29,8,0.12282246351242065
29,9,-0.2801445722579956
29,10,-0.10140258073806763
29,11,-0.05977439880371094
29,12,-0.27296996116638184
29,13,-0.4031496047973633
29,14,0.003559589385986328
29,15,-0.10362362861633301
29,16,1.0484875440597534
29,17,-0.15996158123016357
29,18,0.7035859823226929
29,19,0.4136378765106201
29,20,-0.510941743850708
29,21,-0.18735945224761963
29,22,0.4187924861907959
29,23,-0.09389114379882812
29,24,0.3438243865966797
29,25,-0.058087944984436035
29,26,0.08041280508041382
29,27,-0.5742169618606567
29,28,0.004237651824951172
29,29,-1.0625431537628174
29,30,0.3150622844696045
29,31,0.8214002847671509
29,32,0.3003726005554199
29,33,-0.13110709190368652
29,34,-0.660953164100647
29,35,0.09436368942260742
29,36,0.12054455280303955
29,37,0.93083655834198
29,38,0.044492363929748535
29,39,0.28177642822265625
29,40,0.6701419353485107
29,41,0.06134366989135742
29,42,0.5686883926391602
29,43,-0.4944393038749695
29,44,-0.3860490918159485
29,45,-0.20480585098266602
29,46,-0.20114123821258545
29,47,-0.06742372363805771
29,48,-0.5638684034347534
29,49,-0.06019902229309082
29,50,-0.1764312982559204
29,51,0.14411808550357819
29,52,-0.24464809894561768
30,0,-0.08506739139556885
30,1,-0.22783367335796356
30,2,-0.49810004234313965
30,3,-0.35569334030151367
30,4,0.012006878852844238
30,5,0.24918246269226074
30,6,-0.42906975746154785
30,7,0.6002471446990967
30,8,-0.3393580913543701
30,9,-0.1500861644744873
30,10,-0.25414133071899414
30,11,0.0895698070526123
30,12,0.5324690341949463
30,13,2.8203811645507812
30,14,1.5627007484436035
30,15,2.1340718269348145
30,16,-0.2847111225128174
30,17,-0.48065537214279175
30,18,-0.3776712417602539
30,19,0.12910723686218262
30,20,0.14356553554534912
30,21,-0.5807764530181885
30,22,-0.6424252986907959
30,23,0.507688045501709
30,24,-0.6194542646408081
30,25,-0.10161614418029785
30,26,0.03218479081988335
30,27,1.3255257606506348
30,28,1.567145824432373
30,29,0.3150625228881836
30,30,-2.8606810569763184
30,31,-0.321713924407959
30,32,1.183854579925537
30,33,0.4806629419326782
30,34,-0.20766091346740723
30,35,-0.38335704803466797
30,36,-0.20061981678009033
30,37,-0.39782464504241943
30,38,-0.5950255393981934
30,39,-0.300422728061676
30,40,-0.19839239120483398
30,41,-0.3903668522834778
30,42,-0.8236280679702759
30,43,-0.38898134231567383
30,44,0.03897738456726074
30,45,-0.10197031497955322
30,46,-0.3026512861251831
30,47,-0.026767753064632416
30,48,-0.21145963668823242
30,49,-0.17874395847320557
30,50,0.21950340270996094
30,51,-0.20838305354118347
30,52,-0.4185997247695923
31,0,0.20819270610809326
31,1,-0.06860323250293732
31,2,0.093863844871521
31,3,-0.5411943197250366
31,4,-0.21223300695419312
31,5,-0.3564077615737915
31,6,-0.0012761354446411133
31,7,-0.21072924137115479
31,8,0.6808921098709106
31,9,0.01374208927154541
31,10,-0.24842369556427002
31,11,-0.1586829423904419
31,12,0.2608342170715332
31,13,-0.5630507469177246
31,14,0.10939204692840576
31,15,-0.08402931690216064
31,16,0.28726160526275635
31,17,-0.0554429292678833
31,18,-0.21899139881134033
31,19,0.17216432094573975
31,20,-0.38565319776535034
31,21,-0.25668787956237793
31,22,-0.19911402463912964
31,23,-0.2631869316101074
31,24,-0.02695333957672119
31,25,-0.1728057861328125
31,26,0.0548148937523365
31,27,-0.27777528762817383
31,28,0.28610920906066895
31,29,0.8214004039764404
31,30,-0.32171404361724854
31,31,-0.9722005724906921
31,32,0.2814716100692749
31,33,1.2031259536743164
31,34,0.1777280569076538
31,35,0.18551862239837646
31,36,0.9324030876159668
31,37,0.5460680723190308
31,38,0.057251930236816406
31,39,0.27436918020248413
31,40,0.8248263597488403
31,41,-0.3222237527370453
31,42,-0.23385989665985107
31,43,-0.20887267589569092
31,44,-0.16551542282104492
31,45,-0.17073553800582886
31,46,0.3027455806732178
31,47,-0.07060187309980392
31,48,-0.07594656944274902
31,49,-0.25790125131607056
31,50,-0.117806077003479
31,51,-0.11324756592512131
31,52,-0.44231200218200684
32,0,-0.17505717277526855
32,1,-0.157401904463768
32,2,-0.5223404169082642
32,3,-0.9312936067581177
32,4,-0.053614139556884766
32,5,-0.06908822059631348
32,6,0.33067965507507324
32,7,1.54353928565979
32,8,0.204095721244812
32,9,1.5347793102264404
32,10,0.6632275581359863
32,11,0.660508394241333
32,12,0.012680768966674805
32,13,0.8493032455444336
32,14,1.0227820873260498
32,15,-0.0276949405670166
32,16,-0.02752852439880371
32,17,-0.15814948081970215
32,18,-0.4030264616012573
32,19,-0.19699525833129883
32,20,-0.34269416332244873
32,21,-0.3249751329421997
32,22,0.03530704975128174
32,23,-0.3204292058944702
32,24,-0.16304826736450195
32,25,-0.5332951545715332
32,26,-0.055889908224344254
32,27,0.00878596305847168
32,28,0.17254400253295898
32,29,0.30037248134613037
32,30,1.183854579925537
32,31,0.28147149085998535
32,32,-2.54644513130188
32,33,-0.12535738945007324
32,34,0.9384517669677734
32,35,0.5104761123657227
32,36,0.02377498149871826
32,37,0.2278587818145752
32,38,-0.20981860160827637
32,39,-0.5945874452590942
32,40,-0.4213228225708008
32,41,-0.1031641960144043
32,42,-0.24804973602294922
32,43,-0.4928337335586548
32,44,0.23789668083190918
32,45,-0.14483296871185303
32,46,-0.08335065841674805
32,47,-0.12366855144500732
32,48,-0.6646687984466553
32,49,-0.20676767826080322
32,50,-0.11781907081604004
32,51,0.3265068531036377
32,52,-0.5236932039260864
33,0,0.06631982326507568
33,1,-0.025260016322135925
33,2,-0.08881592750549316
33,3,-0.2914695739746094
33,4,-0.5775029063224792
33,5,-0.2994197607040405
33,6,-0.30633604526519775
33,7,0.3233530521392822
33,8,0.6357346177101135
33,9,0.03400230407714844
33,10,-0.4282459616661072
33,11,-0.03359353542327881
33,12,0.22833240032196045
33,13,0.27902936935424805
33,14,0.7411412000656128
33,15,-0.15167176723480225
33,16,0.053806424140930176
33,17,-0.34224510192871094
33,18,-0.48806726932525635
33,19,-0.3206486701965332
33,20,-0.44754141569137573
33,21,-0.15472829341888428
33,22,0.34858059883117676
33,23,-0.23672008514404297
33,24,-0.10782551765441895
33,25,0.056882381439208984
33,26,0.192670077085495
33,27,-0.11105990409851074
33,28,0.16243505477905273
33,29,-0.13110703229904175
33,30,0.4806629419326782
33,31,1.203126072883606
33,32,-0.1253575086593628
33,33,-1.041366696357727
33,34,-0.3325120806694031
33,35,0.09659242630004883
33,36,0.26721787452697754
33,37,0.08701431751251221
33,38,-0.22514283657073975
33,39,-0.029764235019683838
33,40,0.1900482177734375
33,41,-0.6453766226768494
33,42,0.18881213665008545
33,43,-0.04441726207733154
33,44,-0.10505497455596924
33,45,0.1430504322052002
33,46,0.15797185897827148
33,47,0.016119375824928284
33,48,0.26344478130340576
33,49,0.8435571193695068
33,50,0.23717045783996582
33,51,-0.0344829261302948
33,52,-0.1713414192199707
34,0,0.13952946662902832
34,1,-0.10899928212165833
34,2,0.26163148880004883
34,3,-1.0271408557891846
34,4,-0.09778416156768799
34,5,-0.3461648225784302
34,6,-0.04115283489227295
34,7,-0.1714991331100464
34,8,-0.645659327507019
34,9,0.44561588764190674
34,10,6.121433258056641
34,11,0.4633740186691284
34,12,0.32908451557159424
34,13,0.1296098232269287
34,14,-0.3733888864517212
34,15,0.25357210636138916
34,16,-0.9390324950218201
34,17,0.15788090229034424
34,18,-0.6268095970153809
34,19,-0.05328226089477539
34,20,-0.46353065967559814
34,21,0.11064279079437256
34,22,0.1213918924331665
34,23,0.25526857376098633
34,24,0.00505518913269043
34,25,0.10942661762237549
34,26,0.00857783854007721
34,27,-0.07580983638763428
34,28,-0.47553038597106934
34,29,-0.6609531044960022
34,30,-0.20766091346740723
34,31,0.1777280569076538
34,32,0.9384520053863525
34,33,-0.3325123190879822
34,34,-1.5586265325546265
34,35,0.6119146347045898
34,36,-1.0357978343963623
34,37,-1.018033504486084
34,38,0.4396352767944336
34,39,-0.5138134956359863
34,40,-0.1747751235961914
34,41,0.3636091351509094
34,42,0.2586110830307007
34,43,-0.3503081798553467
34,44,0.31582820415496826
34,45,0.0969923734664917
34,46,-0.45578503608703613
34,47,-0.095451220870018
34,48,0.10171329975128174
34,49,-0.14260423183441162
34,50,-0.39158785343170166
34,51,-0.1865333765745163
34,52,0.35365617275238037
35,0,0.08625280857086182
35,1,0.08375722169876099
35,2,-0.1434922218322754
35,3,0.06251072883605957
35,4,-0.26072192192077637
35,5,-0.621408224105835
35,6,0.8283108472824097
35,7,-0.45155560970306396
35,8,0.23680567741394043
35,9,1.710327386856079
35,10,0.6926138401031494
35,11,0.1857355833053589
35,12,0.1622551679611206
35,13,0.31321001052856445
35,14,0.4644293785095215
35,15,-0.38240504264831543
35,16,-0.29532432556152344
35,17,-0.2196105718612671
35,18,-0.5023565292358398
35,19,0.22277295589447021
35,20,-0.35230767726898193
35,21,-0.34647703170776367
35,22,-0.03733479976654053
35,23,-0.31290292739868164
35,24,-0.019428014755249023
35,25,-0.05888259410858154
35,26,0.02336699143052101
35,27,-0.6475187540054321
35,28,-0.49825191497802734
35,29,0.09436392784118652
35,30,-0.38335680961608887
35,31,0.18551850318908691
35,32,0.5104761123657227
35,33,0.09659254550933838
35,34,0.6119146347045898
35,35,-2.002939462661743
35,36,0.869442343711853
35,37,0.5848267078399658
35,38,0.3458871841430664
35,39,0.12137889862060547
35,40,-0.1222994327545166
35,41,-0.02929210662841797
35,42,0.20759057998657227
35,43,-0.012416958808898926
35,44,-0.36594951152801514
35,45,0.10263454914093018
35,46,0.05019199848175049
35,47,-0.0359497144818306
35,48,0.23195326328277588
35,49,-0.06717443466186523
35,50,-0.0033872127532958984
35,51,-0.22924266755580902
35,52,-0.683138370513916
36,0,-0.14744484424591064
36,1,0.010821804404258728
36,2,0.017932415008544922
36,3,0.1154714822769165
36,4,-0.1911247968673706
36,5,-0.14044559001922607
36,6,1.765923261642456
36,7,-0.1521085500717163
36,8,0.4112709164619446
36,9,0.495341420173645
36,10,0.11892259120941162
36,11,0.3920314311981201
36,12,0.03294646739959717
36,13,-0.09720337390899658
36,14,-0.12673890590667725
36,15,-0.1504971981048584
36,16,0.3806072473526001
36,17,-0.5004798769950867
36,18,0.5729801654815674
36,19,-0.5744326114654541
36,20,-0.7082260847091675
36,21,-0.1908053159713745
36,22,-0.14941799640655518
36,23,-0.4181511402130127
36,24,-0.45102035999298096
36,25,-0.04928994178771973
36,26,0.1146269291639328
36,27,-0.392183780670166
36,28,-0.3042867183685303
36,29,0.1205449104309082
36,30,-0.20061993598937988
36,31,0.9324032068252563
36,32,0.02377486228942871
36,33,0.26721787452697754
36,34,-1.0357979536056519
36,35,0.8694425821304321
36,36,-1.202986478805542
36,37,0.8861136436462402
36,38,0.0688784122467041
36,39,-0.07423862814903259
36,40,1.7004878520965576
36,41,-0.3588617444038391
36,42,-0.05917024612426758
36,43,-0.4240502119064331
36,44,-0.3341788053512573
36,45,-0.16268646717071533
36,46,-0.4231736660003662
36,47,0.258310467004776
36,48,-0.05345118045806885
36,49,-0.1828625202178955
36,50,-0.17004454135894775
36,51,0.2541678845882416
36,52,-0.38423585891723633
37,0,0.5277434587478638
37,1,0.14739543199539185
37,2,-0.18381941318511963
37,3,1.2028108835220337
37,4,0.006585359573364258
37,5,0.31487464904785156
37,6,0.7806854248046875
37,7,-0.15089356899261475
37,8,0.33820950984954834
37,9,-0.001822829246520996
37,10,-0.6703818440437317
37,11,-0.2823483943939209
37,12,-0.008789539337158203
37,13,-0.25224828720092773
37,14,-0.5388616323471069
37,15,-0.38081979751586914
37,16,-0.4029581546783447
37,17,0.011298418045043945
37,18,0.2407674789428711
37,19,0.675731897354126
37,20,-0.17233359813690186
37,21,-0.20842885971069336
37,22,-0.3184763193130493
37,23,-0.25215208530426025
37,24,-0.46778082847595215
37,25,-0.2776474952697754
37,26,0.15591226518154144
37,27,-0.6785320043563843
37,28,-0.36132705211639404
37,29,0.93083655834198
37,30,-0.3978245258331299
37,31,0.5460683107376099
37,32,0.22785890102386475
37,33,0.08701443672180176
37,34,-1.0180332660675049
37,35,0.5848265886306763
37,36,0.8861137628555298
37,37,-1.509050726890564
37,38,1.0260164737701416
37,39,0.9262411594390869
37,40,1.354254961013794
37,41,0.00022751092910766602
37,42,-0.11332714557647705
37,43,-0.6566846966743469
37,44,-0.18790388107299805
37,45,-0.2172868251800537
37,46,-0.4652971029281616
37,47,0.279541552066803
37,48,-0.4321540594100952
37,49,-0.034455180168151855
37,50,-0.23649156093597412
37,51,-0.026255324482917786
37,52,-0.34662699699401855
38,0,1.2367827892303467
38,1,-0.16348548233509064
38,2,0.030513763427734375
38,3,1.9733974933624268
38,4,0.24039757251739502
38,5,-0.2957589626312256
38,6,-0.22555196285247803
38,7,-0.20119714736938477
38,8,-0.06606590747833252
38,9,-0.47347378730773926
38,10,0.4383505582809448
38,11,-0.25659918785095215
38,12,-0.8936631679534912
38,13,-0.8707010746002197
38,14,-0.7493249177932739
38,15,-0.27449119091033936
38,16,0.2703742980957031
38,17,-0.16843724250793457
38,18,-0.21281802654266357
38,19,0.4139508008956909
38,20,-0.16177761554718018
38,21,-0.23279070854187012
38,22,0.10139966011047363
38,23,-0.32831668853759766
38,24,-0.09475243091583252
38,25,0.029357194900512695
38,26,-0.050236329436302185
38,27,-0.6309458017349243
38,28,-0.6442878246307373
38,29,0.04449272155761719
38,30,-0.595024824142456
38,31,0.05725204944610596
38,32,-0.20981836318969727
38,33,-0.22514259815216064
38,34,0.4396355152130127
38,35,0.3458876609802246
38,36,0.0688786506652832
38,37,1.0260164737701416
38,38,-2.1626763343811035
38,39,1.0096752643585205
38,40,0.8489937782287598
38,41,0.17389869689941406
38,42,0.25189661979675293
38,43,0.33634841442108154
38,44,0.07090044021606445
38,45,-0.3302706480026245
38,46,0.6979596614837646
38,47,-0.0726570412516594
38,48,0.2648276090621948
38,49,-0.2845207452774048
38,50,0.35079407691955566
38,51,-0.15412792563438416
38,52,0.30693793296813965
39,0,-0.41447216272354126
39,1,0.047050900757312775
39,2,-0.46463078260421753
39,3,-0.3201724886894226
39,4,-0.30314165353775024
39,5,-0.21642690896987915
39,6,-0.02778446674346924
39,7,-0.25597459077835083
39,8,-0.04254823923110962
39,9,-0.04720032215118408
39,10,-0.3459802567958832
39,11,0.04116266965866089
39,12,0.4338700771331787
39,13,0.02812868356704712
39,14,-0.11457127332687378
39,15,0.05440443754196167
39,16,0.6209553480148315
39,17,0.47694098949432373
39,18,0.2748716473579407
39,19,-0.23186750710010529
39,20,-0.27899742126464844
39,21,0.026081085205078125
39,22,-0.004875898361206055
39,23,-0.42667973041534424
39,24,-0.12606459856033325
39,25,0.09926384687423706
39,26,0.05702996626496315
39,27,-0.30131518840789795
39,28,-0.1454014778137207
39,29,0.2817766070365906
39,30,-0.30042266845703125
39,31,0.2743692398071289
39,32,-0.5945873260498047
39,33,-0.029764235019683838
39,34,-0.5138133764266968
39,35,0.12137889862060547
39,36,-0.07423853874206543
39,37,0.9262411594390869
39,38,1.00967538356781
39,39,-0.23892490565776825
39,40,1.65758216381073
39,41,-0.2844729423522949
39,42,0.09919500350952148
39,43,-0.3478127121925354
39,44,-0.032573044300079346
39,45,0.14587432146072388
39,46,-0.004741966724395752
39,47,0.00952267274260521
39,48,-0.14796164631843567
39,49,-0.10982087254524231
39,50,-0.09490025043487549
39,51,0.1417342722415924
39,52,0.01503145694732666
40,0,-0.2812448740005493
40,1,0.11070264875888824
40,2,-0.3777390718460083
40,3,-0.0177764892578125
40,4,-0.25750529766082764
40,5,-0.13471770286560059
40,6,-0.14778053760528564
40,7,-0.22123944759368896
40,8,0.5666075944900513
40,9,-0.1623389720916748
40,10,-0.1005476713180542
40,11,-0.812080979347229
40,12,-0.28743720054626465
40,13,0.011081933975219727
40,14,-0.4640268087387085
40,15,-0.6282837390899658
40,16,3.155674934387207
40,17,-0.1134270429611206
40,18,0.6588995456695557
40,19,-0.5930932760238647
40,20,-0.6766105890274048
40,21,-0.456966757774353
40,22,-0.17979061603546143
40,23,-0.3982003927230835
40,24,-0.3900883197784424
40,25,-0.4212779998779297
40,26,0.06732505559921265
40,27,-0.3746229410171509
40,28,-0.23205935955047607
40,29,0.670142412185669
40,30,-0.19839239120483398
40,31,0.8248262405395508
40,32,-0.4213228225708008
40,33,0.19004833698272705
40,34,-0.17477500438690186
40,35,-0.1222994327545166
40,36,1.7004878520965576
40,37,1.3542546033859253
40,38,0.8489930629730225
40,39,1.6575815677642822
40,40,-2.3247950077056885
40,41,-0.09242826700210571
40,42,1.4759809970855713
40,43,-0.6273055076599121
40,44,-0.21275782585144043
40,45,-0.5666067600250244
40,46,-0.5175998210906982
40,47,-0.11765720695257187
40,48,-0.6053870916366577
40,49,0.14350438117980957
40,50,0.20546960830688477
40,51,-0.15993665158748627
40,52,0.22853708267211914
41,0,1.4006842374801636
41,1,-0.0632617250084877
41,2,0.006460785865783691
41,3,2.350429058074951
41,4,0.15645819902420044
41,5,0.01801323890686035
41,6,0.15109658241271973
41,7,-0.3428521156311035
41,8,-0.2849743366241455
41,9,0.19679492712020874
41,10,-0.014391660690307617
41,11,-0.16208869218826294
41,12,-0.3089481592178345
41,13,0.12791109085083008
41,14,0.00432896614074707
41,15,-0.3149498701095581
41,16,-0.020608842372894287
41,17,-0.1791316568851471
41,18,0.038707733154296875
41,19,-0.3757780194282532
41,20,-0.6115471124649048
41,21,0.14397287368774414
41,22,-0.374407023191452
41,23,-0.385883629322052
41,24,0.04585999250411987
41,25,-0.07587641477584839
41,26,0.02785884216427803
41,27,0.1312108039855957
41,28,0.04347407817840576
41,29,0.06134366989135742
41,30,-0.3903668522834778
41,31,-0.3222235143184662
41,32,-0.10316401720046997
41,33,-0.6453765034675598
41,34,0.3636091351509094
41,35,-0.029291987419128418
41,36,-0.35886162519454956
41,37,0.0002275705337524414
41,38,0.1738988161087036
41,39,-0.28447291254997253
41,40,-0.09242796897888184
41,41,-0.47626638412475586
41,42,0.9524732828140259
41,43,-0.05990177392959595
41,44,0.031010925769805908
41,45,0.3907957673072815
41,46,-0.39192891120910645
41,47,-0.004607290029525757
41,48,-0.2542174458503723
41,49,-0.09378105401992798
41,50,0.219102144241333
41,51,-0.10488901287317276
41,52,0.09075629711151123
42,0,-0.12540721893310547
42,1,-0.17828042805194855
42,2,-0.2996647357940674
42,3,0.38924193382263184
42,4,-0.006458640098571777
42,5,0.016364336013793945
42,6,-0.2069845199584961
42,7,-0.12811875343322754
42,8,0.08533585071563721
42,9,-0.14696407318115234
42,10,0.38029396533966064
42,11,-0.0664602518081665
42,12,-0.5258604288101196
42,13,-0.18526506423950195
42,14,0.1759324073791504
42,15,-0.44627881050109863
42,16,2.752736806869507
42,17,0.07499158382415771
42,18,-0.2708437442779541
42,19,-0.13847851753234863
42,20,-0.042612552642822266
42,21,-0.3192310333251953
42,22,-0.36527466773986816
42,23,-0.644575834274292
42,24,0.009263992309570312
42,25,-0.5989272594451904
42,26,-0.05223681405186653
42,27,-0.5555006265640259
42,28,-0.4476504325866699
42,29,0.5686887502670288
42,30,-0.8236278295516968
42,31,-0.23385989665985107
42,32,-0.24804949760437012
42,33,0.188812255859375
42,34,0.25861144065856934
42,35,0.20759081840515137
42,36,-0.05917024612426758
42,37,-0.11332714557647705
42,38,0.25189638137817383
42,39,0.09919482469558716
42,40,1.4759809970855713
42,41,0.952473521232605
42,42,-2.224440813064575
42,43,0.5431381464004517
42,44,-0.09254491329193115
42,45,0.2666991949081421
42,46,1.487634301185608
42,47,-0.06768008321523666
42,48,-0.7084040641784668
42,49,0.1292659044265747
42,50,0.2354872226715088
42,51,-0.22236889600753784
42,52,-0.00508427619934082
43,0,-0.24408948421478271
43,1,-0.16075560450553894
43,2,0.21359097957611084
43,3,0.06500685214996338
43,4,0.1336907148361206
43,5,-0.019038081169128418
43,6,-0.06585383415222168
43,7,0.18392682075500488
43,8,-0.22249835729599
43,9,-0.23904907703399658
43,10,-0.24372297525405884
43,11,0.3522799015045166
43,12,0.294247031211853
43,13,0.3027687072753906
43,14,0.02658224105834961
43,15,0.07483303546905518
43,16,0.09524714946746826
43,17,-0.06006741523742676
43,18,-0.09361803531646729
43,19,-0.45230913162231445
43,20,-0.3878559470176697
43,21,0.05098617076873779
43,22,0.039469003677368164
43,23,-0.09337055683135986
43,24,0.3494614362716675
43,25,0.0524294376373291
43,26,-0.03903217613697052
43,27,-0.10811352729797363
43,28,0.046254873275756836
43,29,-0.49443912506103516
43,30,-0.3889812231063843
43,31,-0.20887261629104614
43,32,-0.49283385276794434
43,33,-0.044417381286621094
43,34,-0.35030806064605713
43,35,-0.012417078018188477
43,36,-0.42405015230178833
43,37,-0.6566848754882812
43,38,0.33634817600250244
43,39,-0.3478127419948578
43,40,-0.6273055076599121
43,41,-0.0599018931388855
43,42,0.5431380271911621
43,43,-1.2419756650924683
43,44,0.21971595287322998
43,45,0.8276482820510864
43,46,2.858431339263916
43,47,-0.008823804557323456
43,48,0.5164639949798584
43,49,0.33669042587280273
43,50,0.09015166759490967
43,51,-0.03181225061416626
43,52,-0.1893521547317505
44,0,-0.6238435506820679
44,1,-0.15126003324985504
44,2,0.08006346225738525
44,3,-0.37456977367401123
44,4,-0.4569113254547119
44,5,0.10554075241088867
44,6,-0.5075706243515015
44,7,-0.08863699436187744
44,8,0.08548188209533691
44,9,-0.3556329011917114
44,10,-0.25616776943206787
44,11,-0.23169302940368652
44,12,-0.36533021926879883
44,13,-0.15405559539794922
44,14,-0.2733118534088135
44,15,-0.16536211967468262
44,16,-0.4143829345703125
44,17,2.0387139320373535
44,18,-0.49599921703338623
44,19,-0.16562199592590332
44,20,-0.47352373600006104
44,21,-0.08596956729888916
44,22,0.1708751916885376
44,23,0.5157452821731567
44,24,-0.4442627429962158
44,25,1.4167054891586304
44,26,1.687556505203247e-06
44,27,0.21001553535461426
44,28,0.1799306869506836
44,29,-0.3860490918159485
44,30,0.03897714614868164
44,31,-0.16551542282104492
44,32,0.23789668083190918
44,33,-0.10505509376525879
44,34,0.31582820415496826
44,35,-0.3659496307373047
44,36,-0.3341786861419678
44,37,-0.1879042387008667
44,38,0.0709000825881958
44,39,-0.032573163509368896
44,40,-0.21275818347930908
44,41,0.031010687351226807
44,42,-0.09254515171051025
44,43,0.21971607208251953
44,44,-1.7158902883529663
44,45,0.9188743829727173
44,46,0.25402534008026123
44,47,0.04295119643211365
44,48,2.800912857055664
44,49,-0.4854593276977539
44,50,0.194854736328125
44,51,-0.05803799629211426
44,52,0.2969949245452881
45,0,-0.15385973453521729
45,1,-0.09459859877824783
45,2,0.014321327209472656
45,3,0.1407918930053711
45,4,0.05023837089538574
45,5,-0.022745132446289062
45,6,0.020171642303466797
45,7,-0.32917237281799316
45,8,-0.36340469121932983
45,9,0.18272066116333008
45,10,-0.5442566275596619
45,11,0.18279123306274414
45,12,-0.3100733757019043
45,13,-0.06017947196960449
45,14,0.25313258171081543
45,15,0.5216670036315918
45,16,-0.2550123929977417
45,17,0.1589428186416626
45,18,-0.35032224655151367
45,19,-0.05889928340911865
45,20,-0.10353285074234009
45,21,-0.22067570686340332
45,22,0.17313754558563232
45,23,0.003981471061706543
45,24,0.17394161224365234
45,25,0.07632005214691162
45,26,-0.03807741403579712
45,27,-0.14927458763122559
45,28,0.0029715299606323242
45,29,-0.20480555295944214
45,30,-0.10197007656097412
45,31,-0.17073535919189453
45,32,-0.14483261108398438
45,33,0.1430506706237793
45,34,0.09699249267578125
45,35,0.10263478755950928
45,36,-0.16268634796142578
45,37,-0.2172868251800537
45,38,-0.3302708864212036
45,39,0.14587432146072388
45,40,-0.5666066408157349
45,41,0.39079582691192627
45,42,0.26669931411743164
45,43,0.827648401260376
45,44,0.9188748598098755
45,45,-1.1819590330123901
45,46,-0.048824429512023926
45,47,-0.059734366834163666
45,48,0.36639833450317383
45,49,1.2302228212356567
45,50,-0.13323211669921875
45,51,-0.0737369954586029
45,52,0.006449580192565918
46,0,-0.07384932041168213
46,1,-0.13218843936920166
46,2,0.24690651893615723
46,3,0.08014237880706787
46,4,0.1892627477645874
46,5,-0.48294949531555176
46,6,-0.3192023038864136
46,7,-0.08892643451690674
46,8,-0.3157620429992676
46,9,-0.2602423429489136
46,10,-0.35873210430145264
46,11,-0.09119439125061035
46,12,0.165990948677063
46,13,-0.24515926837921143
46,14,0.05849349498748779
46,15,0.07196927070617676
46,16,-0.06649470329284668
46,17,0.2887392044067383
46,18,0.21380984783172607
46,19,-0.361847460269928
46,20,-0.06351256370544434
46,21,0.020240426063537598
46,22,-0.09494650363922119
46,23,-0.3868316411972046
46,24,0.18013262748718262
46,25,-0.4078305959701538
46,26,-0.04231417924165726
46,27,0.03438723087310791
46,28,-0.2158898115158081
46,29,-0.20114123821258545
46,30,-0.3026515245437622
46,31,0.3027452230453491
46,32,-0.0833507776260376
46,33,0.15797197818756104
46,34,-0.45578503608703613
46,35,0.05019176006317139
46,36,-0.42317384481430054
46,37,-0.4652974605560303
46,38,0.6979594230651855
46,39,-0.0047419071197509766
46,40,-0.5175999402999878
46,41,-0.39192909002304077
46,42,1.4876340627670288
46,43,2.858431339263916
46,44,0.2540254592895508
46,45,-0.04882466793060303
46,46,-1.6070243120193481
46,47,0.16179531812667847
46,48,0.042087435722351074
46,49,0.4717555046081543
46,50,0.7965748310089111
46,51,-0.0602574497461319
46,52,-0.26160693168640137
47,0,-0.04146222397685051
47,1,0.25539952516555786
47,2,-0.06528498977422714
47,3,-0.10773440450429916
47,4,-0.03071143850684166
47,5,-0.083814337849617
47,6,-0.07774843275547028
47,7,-0.06723366677761078
47,8,0.12727904319763184
47,9,0.059386081993579865
47,10,0.04817585647106171
47,11,-0.03457838296890259
47,12,-0.09184102714061737
47,13,-0.027817338705062866
47,14,-0.04990128427743912
47,15,-0.09719527512788773
47,16,-0.09209094941616058
47,17,-0.06543990224599838
47,18,-0.08599638193845749
47,19,-0.007176097482442856
47,20,-0.06442166119813919
47,21,0.10743757337331772
47,22,-0.03175671398639679
47,23,-0.08970869332551956
47,24,-0.1049279272556305
47,25,-0.07691052556037903
47,26,-0.001869469415396452
47,27,-0.09503725171089172
47,28,-0.1032692939043045
47,29,-0.06742369383573532
47,30,-0.026767775416374207
47,31,-0.07060185074806213
47,32,-0.12366854399442673
47,33,0.016119331121444702
47,34,-0.09545121341943741
47,35,-0.0359496995806694
47,36,0.25831058621406555
47,37,0.2795414626598358
47,38,-0.07265704870223999
47,39,0.009522665292024612
47,40,-0.11765719205141068
47,41,-0.0046073272824287415
47,42,-0.06768009066581726
47,43,-0.008823797106742859
47,44,0.04295118898153305
47,45,-0.05973437428474426
47,46,0.16179519891738892
47,47,-0.006005984265357256
47,48,0.2941662073135376
47,49,0.15662896633148193
47,50,-0.00563029944896698
47,51,0.49460819363594055
47,52,0.045264504849910736
48,0,0.35925889015197754
48,1,-0.18169499933719635
48,2,0.05821883678436279
48,3,-0.16950881481170654
48,4,-0.026525259017944336
48,5,-0.35788142681121826
48,6,-0.06167268753051758
48,7,0.13069212436676025
48,8,-0.20381462574005127
48,9,-0.0917125940322876
48,10,-0.3582138419151306
48,11,-0.5742685794830322
48,12,-0.692319393157959
48,13,-0.33372974395751953
48,14,-0.4840853214263916
48,15,0.027023792266845703
48,16,-0.45574259757995605
48,17,0.15935158729553223
48,18,-0.2740516662597656
48,19,0.3474346399307251
48,20,-0.21471631526947021
48,21,0.030482769012451172
48,22,0.21242153644561768
48,23,-0.055999755859375
48,24,0.13988661766052246
48,25,1.236132264137268
48,26,-0.04590447619557381
48,27,0.2728409767150879
48,28,0.019953608512878418
48,29,-0.5638682246208191
48,30,-0.21145963668823242
48,31,-0.07594645023345947
48,32,-0.6646687984466553
48,33,0.2634449005126953
48,34,0.10171353816986084
48,35,0.23195326328277588
48,36,-0.0534510612487793
48,37,-0.43215417861938477
48,38,0.2648273706436157
48,39,-0.14796164631843567
48,40,-0.6053870916366577
48,41,-0.2542177438735962
48,42,-0.7084040641784668
48,43,0.5164639949798584
48,44,2.800912857055664
48,45,0.3663982152938843
48,46,0.042087674140930176
48,47,0.29416629672050476
48,48,-1.7178194522857666
48,49,0.36907005310058594
48,50,0.01852273941040039
48,51,0.02249188721179962
48,52,1.7314262390136719
49,0,0.5525417327880859
49,1,-0.1496366560459137
49,2,0.3139655590057373
49,3,-0.0758141279220581
49,4,-0.19525539875030518
49,5,-0.12784826755523682
49,6,-0.1464064121246338
49,7,-0.2787895202636719
49,8,0.02569270133972168
49,9,-0.16241824626922607
49,10,-0.3559410572052002
49,11,-0.04729175567626953
49,12,-0.10800790786743164
49,13,0.12994146347045898
49,14,-0.36089909076690674
49,15,-0.002579212188720703
49,16,-0.22240591049194336
49,17,0.29902970790863037
49,18,-0.13639318943023682
49,19,-0.24135053157806396
49,20,-0.003928661346435547
49,21,-0.3982224464416504
49,22,-0.2869873046875
49,23,-0.12123000621795654
49,24,0.06488919258117676
49,25,-0.19630062580108643
49,26,-0.0424903929233551
49,27,-0.46317899227142334
49,28,0.17689430713653564
49,29,-0.06019878387451172
49,30,-0.17874372005462646
49,31,-0.25790101289749146
49,32,-0.20676720142364502
49,33,0.8435570001602173
49,34,-0.14260411262512207
49,35,-0.06717443466186523
49,36,-0.1828622817993164
49,37,-0.034455180168151855
49,38,-0.2845209836959839
49,39,-0.10982087254524231
49,40,0.14350450038909912
49,41,-0.09378117322921753
49,42,0.1292659044265747
49,43,0.3366903066635132
49,44,-0.4854590892791748
49,45,1.2302228212356567
49,46,0.4717559814453125
49,47,0.1566290557384491
49,48,0.3690704107284546
49,49,-1.4718008041381836
49,50,1.1451765298843384
49,51,0.20844461023807526
49,52,1.1021993160247803
50,0,1.754186749458313
50,1,0.22552964091300964
50,2,0.22014355659484863
50,3,-0.29575538635253906
50,4,-0.3375638723373413
50,5,-0.5540683269500732
50,6,-0.3051551580429077
50,7,-0.7074830532073975
50,8,-0.027643680572509766
50,9,-0.3301980495452881
50,10,0.06038224697113037
50,11,-0.024181365966796875
50,12,0.16048598289489746
50,13,-0.5152584314346313
50,14,-0.7270233631134033
50,15,-0.09355759620666504
50,16,-0.043051719665527344
50,17,0.6330273151397705
50,18,0.12377548217773438
50,19,-0.3634101152420044
50,20,-0.17056822776794434
50,21,-0.012075424194335938
50,22,-0.40139925479888916
50,23,-0.367018461227417
50,24,0.33600473403930664
50,25,-0.42452049255371094
50,26,0.013467419892549515
50,27,-0.23242688179016113
50,28,0.393707275390625
50,29,-0.17643094062805176
50,30,0.21950364112854004
50,31,-0.11780595779418945
50,32,-0.11781883239746094
50,33,0.23717057704925537
50,34,-0.391587495803833
50,35,-0.0033867359161376953
50,36,-0.1700444221496582
50,37,-0.23649168014526367
50,38,0.35079383850097656
50,39,-0.09490025043487549
50,40,0.20547008514404297
50,41,0.21910226345062256
50,42,0.2354872226715088
50,43,0.09015190601348877
50,44,0.194854736328125
50,45,-0.1332322359085083
50,46,0.7965751886367798
50,47,-0.005630306899547577
50,48,0.018522977828979492
50,49,1.1451761722564697
50,50,-2.4250967502593994
50,51,0.8803310394287109
50,52,1.2909328937530518
51,0,-0.12160111963748932
51,1,0.04328788071870804
51,2,-0.22903071343898773
51,3,0.0030753910541534424
51,4,-0.03754447400569916
51,5,0.24231579899787903
51,6,0.0678524523973465
51,7,-0.18911802768707275
51,8,0.1743013560771942
51,9,-0.1332041472196579
51,10,-0.05756828933954239
51,11,-0.2255489081144333
51,12,0.08345058560371399
51,13,-0.26513755321502686
51,14,-0.2631271779537201
51,15,-0.23064900934696198
51,16,0.38879114389419556
51,17,-0.10347552597522736
51,18,0.07148447632789612
51,19,0.06547403335571289
51,20,-0.13154394924640656
51,21,-0.21368877589702606
51,22,-0.21047794818878174
51,23,-0.20588506758213043
51,24,-0.2005140483379364
51,25,-0.19679509103298187
51,26,-0.006503111682832241
51,27,-0.048413604497909546
51,28,-0.19639432430267334
51,29,0.14411796629428864
51,30,-0.20838308334350586
51,31,-0.1132475733757019
51,32,0.326506644487381
51,33,-0.034482911229133606
51,34,-0.18653342127799988
51,35,-0.22924268245697021
51,36,0.2541678547859192
51,37,-0.026255369186401367
51,38,-0.1541280299425125
51,39,0.14173416793346405
51,40,-0.15993665158748627
51,41,-0.10488904267549515
51,42,-0.22236895561218262
51,43,-0.031812265515327454
51,44,-0.05803799629211426
51,45,-0.07373702526092529
51,46,-0.06025741994380951
51,47,0.49460843205451965
51,48,0.022491931915283203
51,49,0.20844456553459167
51,50,0.8803315162658691
51,51,-0.03447544202208519
51,52,1.351571798324585
52,0,0.388485312461853
52,1,0.05855022370815277
52,2,0.38453662395477295
52,3,-0.3121248483657837
52,4,-0.26095473766326904
52,5,-0.2052927017211914
52,6,0.0071413516998291016
52,7,0.059074997901916504
52,8,-0.16663074493408203
52,9,-0.40512382984161377
52,10,-0.2799651622772217
52,11,-0.4300428628921509
52,12,-0.14766168594360352
52,13,-0.0542910099029541
52,14,-0.3374779224395752
52,15,0.3501265048980713
52,16,-0.6761292219161987
52,17,0.35063302516937256
52,18,-0.2591010332107544
52,19,0.6068594455718994
52,20,-0.3257725238800049
52,21,0.039914727210998535
52,22,0.07055306434631348
52,23,0.08608222007751465
52,24,0.8756510019302368
52,25,0.08555412292480469
52,26,-0.049674130976200104
52,27,-0.5336084365844727
52,28,-0.056897640228271484
52,29,-0.24464797973632812
52,30,-0.4185999631881714
52,31,-0.4423120617866516
52,32,-0.5236935615539551
52,33,-0.17134177684783936
52,34,0.3536560535430908
52,35,-0.6831382513046265
52,36,-0.3842359781265259
52,37,-0.34662723541259766
52,38,0.30693721771240234
52,39,0.015031278133392334
52,40,0.22853684425354004
52,41,0.09075605869293213
52,42,-0.005084514617919922
52,43,-0.18935227394104004
52,44,0.296994686126709
52,45,0.006449222564697266
52,46,-0.26160693168640137
52,47,0.04526445269584656
52,48,1.7314258813858032
52,49,1.1021990776062012
52,50,1.2909331321716309
52,51,1.351571798324585
52,52,-2.0115370750427246
